10728.234390 20.0746 0.2713 -143.389 420.064 4.606 3177.0
10728.257772 20.2035 0.2984 22.319 415.640 4.919 3221.0
10730.230150 20.1077 0.3289 -98.904 507.851 7.920 1879.0
10730.258740 20.7927 0.5168 572.596 465.564 7.875 1841.0
10731.238598 20.4108 0.2071 250.635 228.112 4.623 946.0
10731.262165 20.0728 0.1655 -145.809 243.986 5.955 938.0
10733.217624 20.3855 0.3024 225.058 356.927 7.297 873.0
10733.241457 19.9377 0.1959 -342.277 331.899 7.246 830.0
10733.272525 20.4083 0.2385 248.149 267.345 5.604 826.0
10734.219280 20.2681 0.2741 98.162 355.539 7.920 822.0
10734.250498 20.5236 0.3058 357.752 318.326 7.106 820.0
10734.274424 20.3571 0.2619 195.660 311.103 6.827 854.0
10735.215473 20.5197 0.2468 354.261 250.665 5.506 795.0
10735.246402 20.1675 0.1361 -21.973 181.432 3.961 738.0
10736.218056 19.8517 0.1739 -480.512 315.524 7.001 800.0
10736.241878 20.2905 0.1958 123.396 239.727 5.684 757.0
10736.265931 19.7754 0.1451 -612.874 278.701 6.522 747.0
10737.213440 20.2030 0.2301 21.711 310.360 6.588 741.0
10737.237169 20.0998 0.1861 -109.448 270.366 5.910 726.0
10737.264695 19.9778 0.1647 -281.313 265.017 5.556 696.0
10737.291874 20.2952 0.3130 128.678 403.518 5.967 1995.0
10750.165595 19.5858 0.2618 -984.754 632.786 4.581 3466.0
10750.189359 20.4293 0.8456 268.975 1258.220 4.280 4970.0
10750.220542 21.9857 1.4471 1081.751 710.545 5.856 3062.0
10754.234609 19.8510 0.2836 -481.759 542.779 6.749 2241.0
10766.156220 19.7776 0.2069 -608.843 408.407 8.307 935.0
10766.277377 20.0856 0.2956 -128.486 458.444 6.829 761.0
10768.142499 20.2675 0.2028 97.480 254.362 5.722 787.0
10768.165464 20.1544 0.2435 -38.486 345.697 7.725 781.0
10768.189390 20.3806 0.3130 220.082 372.910 7.442 773.0
10768.220689 19.8961 0.1657 -407.732 287.587 7.959 760.0
10768.244430 20.1693 0.2084 -19.734 287.001 7.404 750.0
10768.272523 20.5661 0.2932 395.338 291.771 6.757 755.0
10768.300083 19.9391 0.2130 -340.010 363.394 7.848 760.0
10769.125672 20.1424 0.2119 -53.864 299.642 5.397 810.0
10769.180249 20.0963 0.1759 -114.047 255.089 4.560 848.0
10769.203086 19.7564 0.1913 -647.338 382.171 7.489 858.0
10769.239733 20.4305 0.2069 270.161 223.833 5.707 812.0
10769.263080 20.0654 0.1324 -156.034 193.588 4.063 800.0
10769.287041 20.2175 0.1342 39.046 170.631 3.174 845.0
10770.125431 20.6169 0.2725 438.336 256.119 5.228 811.0
10770.149276 20.1067 0.2143 -100.324 313.462 5.837 784.0
10770.182705 19.8409 0.1511 -498.816 274.062 6.177 716.0
10770.206527 20.0921 0.2497 -119.714 376.565 7.304 716.0
10770.230499 20.4276 0.2696 267.333 301.327 6.996 705.0
10770.261671 19.8437 0.1833 -493.940 336.566 7.757 714.0
10770.285180 20.4293 0.2841 269.000 319.196 7.616 698.0
10771.138050 19.9671 0.2183 -297.448 363.805 6.957 978.0
10771.162011 19.7767 0.1853 -610.484 362.193 6.435 944.0
10771.185450 19.7999 0.1551 -569.385 292.600 5.022 977.0
10771.215939 20.1269 0.2278 -73.752 329.152 5.594 1019.0
10771.241775 20.1671 0.1398 -22.493 186.681 3.433 993.0
10771.269093 19.9353 0.1295 -346.008 213.034 3.471 937.0
10771.296549 20.2784 0.1317 109.895 158.119 2.984 894.0
10772.120805 20.2613 0.1734 90.428 215.731 3.640 895.0
10772.151907 20.0432 0.1182 -186.733 175.207 3.370 845.0
10772.175891 20.4728 0.1656 310.864 168.913 3.311 804.0
10772.203463 20.4402 0.1574 279.634 164.809 3.258 775.0
10772.230838 20.0111 0.1155 -232.454 176.154 3.280 795.0
10772.254833 20.2120 0.1174 32.459 148.837 2.787 769.0
10772.286040 20.1742 0.1100 -13.728 144.005 2.762 791.0
10772.309873 20.3206 0.1714 156.584 201.758 2.850 1385.0
10773.104635 20.1618 0.1769 -29.192 241.671 4.254 1004.0
10773.128503 20.5233 0.2562 357.500 260.497 4.901 950.0
10773.159640 20.0391 0.1298 -192.533 194.079 3.626 806.0
10773.183335 20.1838 0.1221 -1.849 159.207 3.341 786.0
10773.214634 20.3079 0.1696 142.751 201.802 3.721 821.0
10773.237414 20.4825 0.1962 320.033 201.244 3.623 842.0
10773.260900 19.8887 0.2024 -419.773 359.872 6.400 914.0
10773.293009 20.1301 0.1559 -69.704 217.153 4.064 889.0
10774.102529 20.1816 0.2663 -4.455 372.661 7.215 1019.0
10774.130182 20.1759 0.1849 -11.563 250.246 4.793 927.0
10774.157592 20.7219 0.3283 521.138 287.805 5.650 897.0
10774.181576 20.3215 0.2581 157.636 316.341 6.482 868.0
10775.113305 19.8715 0.2049 -447.690 370.498 5.332 1185.0
10775.137069 20.0493 0.1687 -178.259 254.635 4.445 1061.0
10775.164398 20.0881 0.2869 -125.153 442.073 5.629 1223.0
10775.192028 20.1702 0.2273 -18.686 315.480 4.448 1023.0
10775.199413 20.3387 0.2756 176.080 335.205 4.616 1016.0
10776.110608 20.4760 0.2110 313.893 219.345 3.000 1268.0
10776.139117 20.2175 0.1626 39.078 209.523 2.731 1114.0
10776.162650 20.2463 0.2358 73.054 306.419 4.120 1072.0
10776.194157 20.0412 0.1643 -189.592 249.351 4.161 985.0
10776.217805 19.8638 0.2205 -460.497 404.536 3.970 1149.0
10776.248711 20.1535 0.1236 -39.625 165.860 3.146 832.0
10776.295914 20.1506 0.1296 -43.397 174.874 2.404 747.0
10777.092896 20.1896 0.2122 5.376 287.271 3.977 1670.0
10777.123466 20.2160 0.2154 37.321 285.085 3.958 1395.0
10777.147126 19.9122 0.1470 -382.181 249.204 4.074 1238.0
10777.181898 20.4758 0.1950 313.771 201.148 3.541 1112.0
10777.209180 20.2983 0.1913 132.120 232.021 4.035 1057.0
10777.238176 20.1408 0.1214 -55.789 164.712 3.203 1000.0
10777.269058 20.1932 0.1134 9.761 145.994 2.897 994.0
10777.293424 20.2637 0.1347 93.187 164.138 2.523 937.0
10778.111831 19.8115 0.2982 -549.121 595.984 6.883 1879.0
10778.140746 20.7201 0.4140 519.740 379.000 4.251 1589.0
10778.165852 19.9934 0.2933 -258.300 494.637 5.199 1616.0
10778.197429 19.6538 0.3305 -843.784 775.615 4.483 2507.0
10778.223520 21.0212 0.5431 717.545 401.584 4.498 1148.0
10778.250559 20.4872 0.3708 324.462 411.930 4.565 1136.0
10778.286604 20.1552 0.4331 -37.567 673.444 4.283 3260.0
10779.100682 20.0762 0.2380 -141.184 362.077 4.275 2679.0
10779.131437 19.7755 0.2581 -612.728 523.119 5.952 2622.0
10779.155096 20.4043 0.2575 244.108 292.358 3.951 1752.0
10779.178733 20.1395 0.1718 -57.500 238.985 3.379 1521.0
10779.209765 20.6115 0.2991 433.912 286.210 3.675 1324.0
10779.233251 20.2757 0.2712 106.770 348.904 4.144 1229.0
10779.264435 20.0865 0.1691 -127.200 246.583 3.347 1166.0
10779.288453 20.6735 0.5052 483.943 504.982 3.936 3674.0
10779.313907 20.9457 0.5582 672.934 445.903 3.410 4050.0
10780.084288 19.9906 0.2793 -262.442 468.938 4.039 3442.0
10780.116814 20.3225 0.3893 158.672 507.827 5.934 3142.0
10780.141203 20.3854 0.3919 224.979 483.075 5.912 2915.0
10780.169619 20.6292 0.5467 448.476 581.176 7.209 2499.0
10780.197087 20.2373 0.2842 62.597 381.085 5.566 1755.0
10780.220677 20.5314 0.3479 364.749 366.918 5.172 1684.0
10780.251756 20.6505 0.4643 465.702 464.599 5.562 1659.0
10780.275462 20.3401 0.5338 177.653 735.652 6.966 3367.0
10780.303104 20.3641 0.5338 202.906 719.727 5.024 3875.0
10781.136140 20.2188 0.4227 40.637 616.692 6.706 3355.0
10782.234627 20.4178 0.3012 257.673 344.795 4.016 2052.0
10782.258530 20.3434 0.2603 181.154 312.924 3.897 1721.0
10785.272249 20.2632 0.3556 92.547 481.920 3.202 2630.0
10785.295747 19.8430 0.3264 -495.203 642.361 3.318 4439.0
10787.080283 20.4102 0.3077 250.033 355.857 6.725 985.0
10787.104231 20.1741 0.2526 -13.787 353.654 6.482 1113.0
10787.134836 20.0308 0.2890 -204.240 469.746 7.302 1407.0
10787.158750 20.5823 0.4054 409.309 419.538 6.411 1461.0
10787.186159 19.9519 0.2396 -320.331 409.014 6.113 1440.0
10787.213430 19.9917 0.2451 -260.762 404.442 5.613 1438.0
10787.217169 19.8351 0.1786 -508.603 329.877 4.916 1450.0
10787.245343 19.9469 0.2314 -328.015 395.334 5.157 1447.0
10787.277475 19.9113 0.1673 -383.543 286.518 3.874 891.0
10787.301123 20.6966 0.4414 501.911 418.503 4.595 960.0
10788.103631 20.2542 0.3553 82.181 485.551 5.180 849.0
10789.105807 20.1129 0.1916 -92.117 275.695 5.237 805.0
10790.059067 20.4760 0.3136 313.903 342.331 6.522 843.0
10790.083236 20.5018 0.2476 337.967 255.713 5.196 758.0
10790.119639 19.9514 0.2229 -321.166 377.709 5.995 763.0
10790.166390 20.0857 0.1642 -128.337 239.158 5.019 759.0
10790.196972 20.2238 0.1741 46.589 224.356 4.485 743.0
10790.219682 20.1426 0.2065 -53.553 291.152 4.910 795.0
10790.255194 20.1974 0.2232 14.867 301.561 5.248 843.0
10790.282140 20.3730 0.2182 212.145 250.275 4.635 873.0
10790.306066 20.2930 0.2327 126.237 289.227 4.668 921.0
10791.068835 20.2834 0.2837 115.515 364.497 5.619 847.0
10791.123770 20.1392 0.2185 -57.909 310.864 6.004 790.0
10791.151307 20.4793 0.2422 317.018 254.776 5.015 786.0
10791.206207 20.4897 0.2471 326.785 257.993 3.882 799.0
10794.058800 20.3861 0.2156 225.627 243.915 4.014 831.0
10794.113260 20.2611 0.1427 90.139 175.076 3.010 839.0
10794.137059 19.8935 0.1462 -411.968 251.950 3.724 855.0
10794.167975 20.1247 0.1432 -76.608 199.134 3.569 847.0
10794.191276 20.3319 0.1881 168.848 220.875 3.582 896.0
10794.222540 19.9972 0.1535 -252.756 241.390 3.586 958.0
10794.246754 19.9513 0.1387 -321.387 225.945 3.486 981.0
10794.270576 20.0638 0.1705 -158.222 254.160 4.521 982.0
10795.044326 19.8866 0.2536 -423.047 462.931 8.259 1047.0
10795.075555 20.2001 0.2574 18.177 352.626 6.694 960.0
10795.129622 20.0469 0.2182 -181.627 337.816 6.741 901.0
10795.152934 20.1957 0.2182 12.802 294.656 6.329 870.0
10795.186374 20.1595 0.2078 -32.048 288.629 5.907 783.0
10795.217348 20.5723 0.3142 400.710 313.942 5.844 781.0
10795.240533 20.2027 0.2141 21.269 286.607 5.359 774.0
10795.267190 20.2022 0.1832 20.686 241.836 4.175 805.0
10795.295467 19.9136 0.1463 -379.835 247.592 3.688 811.0
10795.319080 20.1173 0.2202 -86.307 319.796 3.494 1169.0
10797.054578 20.0258 0.1846 -211.382 286.912 5.808 825.0
10797.086132 20.7665 0.3551 553.925 302.704 5.975 794.0
10797.110705 20.4476 0.2779 286.863 306.062 6.318 775.0
10797.138033 19.9550 0.1816 -315.721 300.739 5.528 772.0
10797.165732 20.6439 0.3501 460.434 333.278 6.049 774.0
10799.034257 20.1684 0.1937 -20.852 265.113 5.243 763.0
10799.055196 20.7078 0.3906 510.504 357.522 6.418 745.0
10799.082119 19.9025 0.1488 -397.538 254.664 5.010 678.0
10799.113973 20.3737 0.1902 212.905 215.103 3.775 662.0
10799.142297 20.2318 0.1527 56.069 193.368 3.934 683.0
10799.172936 20.2081 0.1363 27.856 174.981 3.417 684.0
10799.196386 20.2129 0.1558 33.558 200.979 4.061 725.0
10799.223900 20.1081 0.1619 -98.419 230.661 3.769 720.0
10799.255314 20.1602 0.1368 -31.144 183.571 3.748 738.0
10799.279066 20.1067 0.1586 -100.297 225.971 4.431 765.0
10799.310121 20.2764 0.2053 107.566 255.762 4.925 819.0
10800.045473 19.7974 0.2082 -573.833 403.731 5.572 907.0
10800.068797 19.9255 0.1769 -361.232 300.328 5.426 799.0
10800.100014 19.9965 0.1578 -253.699 248.780 4.143 716.0
10800.124009 20.0898 0.1853 -122.820 271.547 4.842 730.0
10801.049871 20.2007 0.1271 18.927 163.657 3.302 813.0
10801.073923 20.0429 0.0999 -187.221 146.762 2.952 749.0
10801.097941 20.1555 0.0999 -37.135 132.352 3.004 718.0
10801.128869 20.3510 0.1482 189.220 167.736 3.658 666.0
10801.132214 20.2998 0.1420 133.755 168.062 3.449 657.0
10801.155862 20.0702 0.1106 -149.401 159.361 3.483 652.0
10801.188584 20.1793 0.1160 -7.402 151.501 3.301 632.0
10801.216618 19.9889 0.1171 -264.964 182.343 3.873 654.0
10801.240694 20.1780 0.1753 -8.950 235.669 4.938 704.0
10801.271668 20.6404 0.2668 457.571 244.757 4.329 720.0
10802.037877 20.3546 0.1967 192.943 227.079 4.064 1031.0
10802.065147 20.1953 0.1326 12.271 171.972 3.430 967.0
10802.092556 20.2518 0.1546 79.489 192.386 3.804 873.0
10802.116586 20.3479 0.1217 185.885 136.439 2.964 824.0
10802.147537 20.2112 0.1121 31.592 141.902 3.125 793.0
10802.171208 20.2971 0.1180 130.778 138.400 3.172 712.0
10802.174101 20.1173 0.1098 -86.337 151.438 3.180 718.0
10802.196256 20.0946 0.0994 -116.373 139.291 3.128 762.0
10802.227646 20.1812 0.1050 -4.983 136.168 2.875 712.0
10802.251479 20.3241 0.1221 160.428 139.980 3.145 730.0
10802.282361 20.1658 0.1086 -24.195 143.120 2.993 781.0
10802.306193 20.3029 0.1462 137.252 172.810 3.521 878.0
10803.035859 20.4684 0.2625 306.753 281.519 3.514 1479.0
10803.066672 20.1868 0.1496 1.849 197.187 3.719 987.0
10803.090701 20.4372 0.2928 276.725 328.007 3.704 1342.0
10803.121444 20.2490 0.1433 76.234 177.781 3.477 932.0
10803.144651 20.2251 0.1564 48.136 199.643 3.423 983.0
10803.168357 20.4083 0.1832 248.155 200.029 4.113 950.0
10803.198984 19.9106 0.2562 -384.587 457.916 4.313 916.0
10803.222457 20.1742 0.1591 -13.647 213.012 4.008 961.0
10803.249554 20.3267 0.1922 163.183 227.234 4.655 972.0
10803.276824 20.2725 0.2047 103.154 255.821 4.617 1005.0
10803.299407 20.4671 0.2848 305.480 309.166 5.675 1068.0
10805.209888 19.9206 0.2281 -368.800 398.603 5.833 1803.0
10805.240399 20.0164 0.2152 -224.886 342.296 6.070 1100.0
10805.264185 20.0582 0.2075 -165.962 316.423 5.318 1040.0
10805.288261 20.6139 0.3586 435.832 352.383 6.323 1007.0
10806.027855 19.8817 0.2612 -431.090 480.680 5.368 2115.0
10806.056468 20.2503 0.3430 77.649 467.593 6.054 2097.0
10808.109439 19.7272 0.2512 -701.246 530.478 3.637 4825.0
10808.137253 20.2410 0.1994 66.816 255.857 3.485 2096.0
10808.168898 20.7042 0.3012 507.701 264.877 3.667 1814.0
10813.015903 20.0955 0.2975 -115.173 457.586 6.540 1902.0
10813.040418 20.3668 0.4335 205.768 554.774 8.421 1731.0
10813.118675 20.1373 0.3245 -60.284 486.462 7.828 1497.0
10813.184581 20.5303 0.4217 363.796 461.510 7.976 1228.0
10813.208309 21.5599 0.9096 959.537 493.968 8.026 1396.0
10813.239688 20.1339 0.2668 -64.665 390.162 5.974 1471.0
10813.263474 20.5009 0.3840 337.133 423.894 6.693 1521.0
10813.290501 20.0767 0.2611 -140.547 401.497 5.940 1664.0
10818.992439 20.3994 0.2146 239.154 239.800 4.994 793.0
10819.037105 20.0683 0.1540 -151.962 226.742 4.801 705.0
10819.060729 20.3233 0.1715 159.562 201.376 4.292 695.0
10819.118879 19.9981 0.1997 -251.322 320.566 4.880 592.0
10819.142746 20.5997 0.3164 424.041 308.664 4.267 551.0
10819.254302 20.3489 0.2511 186.968 299.116 5.346 685.0
10819.278018 20.6349 0.3868 453.153 377.918 6.041 786.0
10819.309131 20.4602 0.2627 298.897 283.930 5.975 844.0
10819.334363 19.9628 0.2448 -303.855 414.830 7.114 1341.0
10819.978187 19.9139 0.1969 -379.444 341.097 6.366 963.0
10820.002135 20.3716 0.2142 210.762 245.493 5.228 750.0
10820.046245 20.0496 0.2022 -177.864 309.885 4.998 632.0
10820.069788 20.2780 0.1985 109.435 246.136 4.092 634.0
10820.096942 20.3238 0.2015 160.028 239.867 4.091 656.0
10820.123251 20.2145 0.1435 35.502 183.837 3.794 653.0
10820.146955 20.2392 0.1370 64.736 171.068 3.735 656.0
10820.178079 20.1040 0.1226 -103.869 172.202 3.554 686.0
10820.201645 20.1588 0.1502 -32.985 203.199 4.120 720.0
10820.228834 20.0427 0.2083 -187.562 322.358 4.086 781.0
10820.255941 20.4379 0.2600 277.368 286.526 5.694 794.0
10820.279554 20.0498 0.2113 -177.542 325.259 5.694 835.0
10820.309902 20.8345 0.3111 601.437 243.863 4.164 938.0
10820.333607 21.0806 0.7458 750.444 578.513 5.047 1906.0
10822.978734 19.9362 0.2912 -344.535 516.960 6.927 903.0
10823.010101 19.9564 0.1589 -313.581 260.015 5.007 903.0
10823.224773 20.2490 0.2920 76.156 388.801 7.791 889.0
10823.271592 20.6820 0.4260 490.645 406.314 7.030 1046.0
10823.326189 20.6637 0.4897 476.272 490.142 7.309 1206.0
10825.980969 20.2108 0.2367 31.071 318.000 5.059 695.0
10826.008285 20.3166 0.1840 152.287 218.695 4.618 632.0
10826.032001 20.2569 0.1276 85.307 155.983 3.550 617.0
10826.062870 20.0899 0.1442 -122.722 207.225 4.471 611.0
10826.086273 19.8619 0.1120 -463.576 195.584 3.552 609.0
10826.113635 20.1785 0.1244 -8.390 163.303 3.336 645.0
10826.140731 21.0914 0.5633 756.280 394.432 4.337 654.0
10826.164343 20.0493 0.1132 -178.204 166.366 3.637 664.0
10826.198580 20.2159 0.1241 37.188 157.246 3.522 646.0
10826.222180 20.4596 0.2005 298.373 210.556 3.954 649.0
10826.245781 20.1472 0.3155 -47.615 466.620 4.523 622.0
10826.978721 20.2119 0.1516 32.383 195.366 4.021 751.0
10827.002576 20.2871 0.1524 119.665 183.274 4.001 677.0
10827.026245 20.1993 0.1509 17.132 196.724 4.167 694.0
10827.057357 20.6431 0.2710 459.728 248.480 5.064 690.0
10827.081120 19.9856 0.1681 -269.819 268.985 5.691 681.0
10827.136561 20.2620 0.2604 91.241 337.500 7.333 670.0
10827.160439 20.2307 0.1837 54.722 236.209 5.099 677.0
10827.193843 20.0832 0.1764 -131.762 258.965 5.538 686.0
10827.220707 20.3554 0.2376 193.856 279.468 5.430 746.0
10827.249713 20.2456 0.2098 72.220 269.445 5.074 752.0
10827.277052 20.4073 0.2362 247.131 264.738 5.183 788.0
10827.300826 20.1074 0.1939 -99.322 280.632 5.119 834.0
10827.327609 20.0328 0.2079 -201.474 324.455 4.784 935.0
10827.979411 19.7885 0.1760 -589.433 338.791 3.514 904.0
10828.007027 19.9728 0.2298 -288.880 383.048 3.683 730.0
10828.060409 20.2773 0.2026 108.567 251.821 3.094 682.0
10828.092713 20.5313 0.4636 364.663 517.584 4.396 671.0
10829.961943 20.2585 0.2764 87.123 362.198 6.238 907.0
10829.995810 20.2845 0.2837 116.763 364.232 6.583 858.0
10830.019225 20.2465 0.2522 73.272 330.292 6.110 821.0
10830.046691 21.2024 0.6498 812.616 429.104 7.459 806.0
10830.097988 19.8869 0.1697 -422.646 297.510 5.730 737.0
10830.958774 20.4200 0.3530 259.831 413.547 8.211 960.0
10830.990233 20.2234 0.2794 46.177 378.590 7.920 862.0
10831.013301 19.9042 0.1901 -394.879 331.266 6.877 824.0
10831.040848 20.7961 0.3529 574.941 292.413 6.509 731.0
10831.068117 20.3477 0.2136 185.703 250.209 5.323 684.0
10831.091579 20.0228 0.1589 -215.654 244.637 5.271 615.0
10831.122922 20.2185 0.2190 40.341 289.568 5.198 497.0
10831.126927 20.0444 0.2079 -185.074 321.094 5.660 436.0
10831.150955 19.9187 0.1424 -371.820 239.386 4.905 591.0
10831.175342 20.2680 0.1588 98.012 195.028 4.408 622.0
10831.206836 20.2340 0.1498 58.721 188.942 4.453 635.0
10831.230019 20.1722 0.1624 -16.122 218.195 4.888 681.0
10831.261432 20.2124 0.1815 32.987 237.118 5.002 746.0
10831.284975 20.2325 0.2057 56.955 266.907 5.364 824.0
10831.308031 20.4652 0.2545 303.720 272.759 4.696 856.0
10831.958926 19.9565 0.2007 -313.370 334.922 5.363 1044.0
10831.982514 20.6273 0.3162 446.901 300.629 4.534 1026.0
10832.018557 20.3468 0.1892 184.754 219.246 4.318 811.0
10832.045780 21.1528 0.4824 788.167 306.612 6.124 820.0
10832.069507 20.6130 0.3530 435.106 346.287 5.826 1017.0
10832.175482 20.2438 0.2516 70.088 330.246 5.088 769.0
10832.204776 20.4031 0.3048 242.976 354.372 3.941 739.0
10832.231791 20.3184 0.2023 154.252 242.093 4.493 825.0
10832.259291 20.1940 0.3090 10.682 436.441 4.424 840.0
10832.282822 20.5058 0.5030 341.633 586.193 5.281 784.0
10832.314131 20.1790 0.3097 -7.783 443.713 4.675 849.0
10833.007618 20.1500 0.2625 -44.049 377.508 7.792 1024.0
10833.031566 20.1462 0.2042 -48.990 286.637 6.052 897.0
10833.080097 20.3106 0.2199 145.672 267.276 5.703 851.0
10833.110942 20.0595 0.1493 -164.096 221.176 4.703 826.0
10833.135399 20.5423 0.2503 374.462 249.419 4.888 852.0
10833.171244 20.1556 0.1579 -37.007 214.915 4.404 817.0
10833.194798 20.3194 0.2818 155.305 349.937 5.384 947.0
10833.218039 20.5882 0.2931 414.322 285.751 4.645 799.0
10833.248677 19.9724 0.2420 -289.421 405.950 5.041 798.0
10833.960312 20.8265 0.4930 595.965 425.468 8.130 1203.0
10833.984004 19.8315 0.1992 -514.654 372.779 7.017 1114.0
10834.007940 20.1792 0.2225 -7.526 305.566 5.683 1071.0
10834.038901 20.6178 0.3029 439.131 288.634 5.671 992.0
10834.067108 20.1972 0.1993 14.675 266.312 5.138 929.0
10834.094608 20.3142 0.2162 149.614 261.411 4.973 945.0
10834.122884 20.4170 0.2501 256.857 279.611 4.971 991.0
10834.146832 20.0334 0.1759 -200.608 270.302 4.913 1105.0
10834.178024 19.9423 0.1630 -335.065 270.707 4.616 1146.0
10834.201891 20.0488 0.1902 -178.930 290.023 5.130 1067.0
10835.161978 21.1028 0.5839 762.343 408.739 7.193 1385.0
10835.193425 20.5832 0.3325 410.011 331.910 5.711 1368.0
10835.217072 20.1209 0.3112 -81.541 470.649 6.492 1667.0
10835.240405 20.3585 0.3296 197.036 404.128 5.853 1613.0
10837.077183 20.8911 0.7956 638.760 753.935 7.070 4834.0
10839.954187 19.8201 0.2907 -534.162 574.172 6.377 3614.0
10839.977845 19.9872 0.2406 -267.384 397.756 4.170 3391.0
10840.009304 20.1097 0.3277 -96.309 504.673 5.522 3447.0
10840.039327 19.9418 0.3082 -335.953 548.937 5.721 3512.0
10840.070253 20.1648 0.3230 -25.449 471.843 4.940 3681.0
10840.094073 20.4670 0.3122 305.446 343.380 3.725 3727.0
10840.120543 20.5496 0.3172 380.906 324.146 4.141 2259.0
10840.151747 20.4084 0.2829 248.209 323.880 4.126 2610.0
10840.179548 19.9171 0.2216 -374.356 387.333 4.366 3299.0
10840.207199 20.7292 0.4365 526.579 400.704 4.158 3821.0
10840.235961 20.7160 0.5697 516.693 565.538 5.664 4053.0
10840.260163 20.4132 0.5360 253.035 691.397 5.673 4390.0
10840.291714 20.2440 0.3403 70.332 466.067 4.232 4680.0
10840.967241 20.3281 0.2757 164.740 338.624 5.230 1468.0
10840.990968 20.3389 0.2427 176.275 290.628 4.592 1365.0
10841.014788 20.6771 0.3334 486.815 305.365 4.415 1327.0
10841.046049 20.2678 0.1685 97.769 207.893 3.357 1338.0
10841.069719 19.9795 0.1402 -278.830 222.550 3.727 1262.0
10841.112173 20.2710 0.1664 101.504 204.543 3.757 1076.0
10841.135379 20.4125 0.1694 252.345 183.013 3.447 1152.0
10841.159210 20.0553 0.1442 -169.976 213.913 3.742 1165.0
10841.190368 20.0979 0.1709 -111.967 246.852 4.277 1236.0
10841.214153 20.4104 0.1946 250.287 213.128 3.654 1288.0
10841.241537 20.2298 0.1969 53.689 254.965 4.004 1406.0
10841.268632 20.3293 0.2724 165.987 333.735 5.143 1470.0
10841.291098 20.1802 0.2480 -6.239 344.472 4.419 1558.0
10841.952688 20.4379 0.2520 277.444 276.668 5.280 868.0
10841.976184 20.0629 0.1846 -159.370 277.201 4.485 1091.0
10842.007677 20.9442 0.7002 672.034 601.626 4.399 2045.0
10842.031508 20.3597 0.2829 198.362 338.777 4.590 1427.0
10842.055004 20.5935 0.2483 418.830 235.751 3.556 1253.0
10842.085768 20.6361 0.2666 454.070 245.503 4.493 814.0
10842.109414 20.4712 0.2472 309.364 262.515 5.396 876.0
10842.140502 19.9909 0.1988 -261.959 321.171 4.541 1478.0
10842.164148 20.0069 0.1268 -238.622 195.179 3.905 840.0
10842.187459 20.2844 0.1834 116.638 224.505 4.436 866.0
10842.218350 19.9170 0.1710 -374.557 291.915 5.485 918.0
10842.242146 20.5917 0.2397 417.275 226.995 4.426 962.0
10842.273501 20.4011 0.2489 240.902 282.212 4.310 1216.0
10842.294589 19.7981 0.1727 -572.469 329.116 5.704 1178.0
10842.959118 19.7186 0.3088 -717.562 675.798 5.263 669.0
10842.990195 20.3032 0.2121 137.572 258.624 4.931 696.0
10843.014049 19.7774 0.1830 -609.348 357.258 6.567 874.0
10843.040855 20.6911 0.5029 497.704 494.041 5.384 1223.0
10843.068100 20.1221 0.2547 -80.080 374.461 5.493 1139.0
10843.091550 19.7566 0.2822 -646.927 588.621 5.644 1457.0
10843.181284 20.3427 0.2748 180.350 332.984 5.100 1117.0
10843.940685 20.0962 0.1930 -114.281 282.266 5.948 682.0
10843.965303 20.2610 0.2479 90.060 319.656 6.859 672.0
10843.996033 20.5526 0.2355 383.598 230.806 4.892 623.0
10844.021704 19.8794 0.1681 -434.819 296.636 5.396 443.0
10844.047919 20.3277 0.2804 164.293 345.346 4.576 530.0
10844.080917 20.2400 0.2643 65.674 350.260 5.694 715.0
10844.116623 20.8269 0.5563 596.247 495.259 6.106 1040.0
10844.147850 20.1171 0.2315 -86.637 338.152 6.305 774.0
10844.171635 20.2857 0.2635 118.114 334.581 5.849 849.0
10844.200223 20.0931 0.2464 -118.329 370.539 7.216 834.0
10844.230976 19.6441 0.3802 -863.402 922.451 7.975 1259.0
10844.254471 19.9153 0.2967 -377.220 538.403 7.305 1097.0
10844.281647 20.3633 0.3011 202.145 362.500 7.029 946.0
10844.956695 20.3065 0.2402 141.193 295.932 6.043 818.0
10844.980654 20.2120 0.1588 32.497 205.394 4.326 754.0
10845.017274 20.2176 0.1239 39.233 156.772 3.641 696.0
10845.040931 20.0524 0.1263 -173.902 186.338 4.126 636.0
10845.068015 20.3287 0.1413 165.331 162.697 3.343 632.0
10845.099473 20.4104 0.1496 250.294 160.452 3.728 629.0
10845.122992 20.0658 0.0858 -155.443 122.685 2.927 678.0
10845.153686 20.2717 0.1180 102.286 141.727 3.323 754.0
10845.177679 20.5060 0.1769 341.804 176.031 3.865 772.0
10845.204172 20.1962 0.1160 13.441 149.215 3.346 774.0
10845.234763 20.3896 0.1441 229.213 157.159 3.454 832.0
10845.258710 20.2902 0.1308 123.102 155.260 2.633 911.0
10845.283142 20.3633 0.1308 202.062 145.188 2.839 958.0
10845.930516 20.4985 0.1781 334.931 178.483 3.656 802.0
10845.961777 20.2089 0.0918 28.752 115.320 2.634 768.0
10845.986893 20.0745 0.0771 -143.554 108.953 2.596 686.0
10846.018108 20.1276 0.0992 -72.906 134.881 2.538 677.0
10846.041604 20.2350 0.0875 59.864 107.064 2.677 627.0
10846.076569 20.1891 0.0928 4.707 118.767 2.923 573.0
10846.103861 20.2277 0.1009 51.272 125.181 2.840 526.0
10846.127576 20.1371 0.1196 -60.609 162.722 2.538 562.0
10846.158062 20.2090 0.1166 28.857 148.234 2.990 574.0
10846.181361 20.2148 0.1252 35.889 158.948 3.231 588.0
10846.209590 20.1083 0.1233 -98.212 172.474 3.248 602.0
10846.236754 20.0880 0.0990 -125.166 139.549 3.387 629.0
10846.260551 20.1054 0.0872 -101.962 120.320 2.761 713.0
10846.933860 20.4576 0.2264 296.410 241.051 4.542 774.0
10846.957749 20.5616 0.2904 391.435 289.689 5.935 744.0
10846.989242 20.1309 0.1646 -68.594 229.943 4.743 735.0
10847.013177 20.0813 0.1648 -134.304 240.997 4.976 717.0
10847.044381 19.9837 0.1546 -272.552 246.186 5.147 695.0
10847.068397 20.1315 0.1683 -67.842 235.404 4.589 733.0
10847.072147 20.3466 0.1863 184.517 215.546 4.551 747.0
10847.096974 20.3613 0.2130 200.045 246.226 4.998 801.0
10847.128953 20.0928 0.2269 -118.784 338.109 6.853 835.0
10847.152807 20.2980 0.1753 131.748 211.016 4.361 789.0
10847.184149 20.1185 0.1323 -84.725 184.099 3.798 793.0
10847.187749 20.1409 0.1426 -55.687 195.380 3.975 763.0
10847.215770 19.9338 0.1279 -348.186 210.558 4.060 760.0
10847.251603 20.2346 0.1535 59.356 193.889 3.868 816.0
10847.278142 20.0030 0.2184 -244.171 352.137 6.777 890.0
10847.916347 20.1108 0.2064 -94.830 299.688 6.906 777.0
10847.943743 20.4612 0.2361 299.914 251.695 5.463 718.0
10847.971393 20.2721 0.1702 102.770 209.409 4.628 640.0
10847.995143 20.1688 0.1174 -20.370 154.947 3.635 588.0
10848.026393 20.1759 0.1337 -11.595 176.568 4.098 577.0
10848.050455 20.1355 0.2211 -62.654 315.890 6.109 658.0
10848.074460 20.2355 0.1927 60.391 247.740 5.398 711.0
10848.106126 20.1648 0.1527 -25.472 205.643 4.026 711.0
10848.140976 20.3396 0.1520 177.021 174.148 3.477 735.0
10848.172179 20.2172 0.1418 38.691 181.052 3.803 1069.0
10848.195617 19.9496 0.1039 -323.934 166.738 3.612 892.0
10848.219425 20.1227 0.1456 -79.318 203.220 4.253 996.0
10848.250524 20.1429 0.1499 -53.101 205.707 4.031 1103.0
10848.965787 20.2771 0.3265 108.330 430.753 4.035 599.0
10849.199212 20.1541 0.1994 -38.925 277.166 3.765 751.0
10849.230451 20.0012 0.1694 -246.816 267.367 4.157 803.0
10849.899833 20.4120 0.2750 251.853 312.531 6.716 782.0
10849.923595 19.6868 0.1585 -778.661 332.349 6.790 716.0
10850.999074 20.1110 0.2241 -94.544 327.971 7.450 766.0
10851.029768 20.8687 0.3944 624.232 311.867 6.280 757.0
10851.053714 20.1003 0.1891 -108.749 274.937 6.565 699.0
10851.088864 20.3178 0.2457 153.595 300.401 6.946 685.0
10851.114883 19.9960 0.1972 -254.398 316.772 7.091 689.0
10851.140855 20.0253 0.1921 -212.085 299.760 6.902 711.0
10851.171306 19.9890 0.1751 -264.797 280.283 6.693 673.0
10851.194408 20.3679 0.2284 206.847 264.491 6.046 741.0
10851.225495 20.2217 0.2127 44.143 279.562 6.086 732.0
10851.248967 20.4217 0.2421 261.498 268.504 5.702 786.0
10852.931497 20.6883 0.3292 495.490 297.793 6.385 816.0
10852.955293 20.1129 0.2149 -92.028 312.676 6.815 755.0
10853.016797 19.7863 0.1812 -593.382 350.441 7.909 673.0
10853.044517 20.0109 0.1927 -232.734 304.682 7.198 628.0
10853.072468 19.8962 0.1409 -407.651 241.615 5.080 578.0
10853.107016 20.2317 0.1646 55.957 209.572 4.911 614.0
10853.137872 20.4239 0.1823 263.712 196.064 4.541 626.0
10853.161854 20.2647 0.2242 94.278 284.836 6.079 695.0
10853.185777 19.7811 0.1526 -602.718 292.622 6.335 708.0
10853.216957 19.9795 0.1889 -278.813 306.873 6.673 695.0
10853.902667 20.2310 0.1715 55.119 219.235 5.130 675.0
10853.926150 19.6898 0.1273 -772.716 262.463 6.655 642.0
10853.949321 20.1907 0.1435 6.731 187.917 4.402 611.0
10853.980385 20.1214 0.1449 -81.007 202.425 4.320 613.0
10854.003962 20.1024 0.1331 -105.950 188.072 4.309 605.0
10854.031183 20.0623 0.1391 -160.252 204.553 4.528 601.0
10854.915570 19.9605 0.1523 -307.354 247.435 4.530 715.0
10855.000279 19.9044 0.0886 -394.464 147.080 3.219 634.0
10855.028265 20.0701 0.1714 -149.553 254.038 3.747 575.0
10855.088773 20.0954 0.1051 -115.232 147.511 3.165 624.0
10855.112326 20.1373 0.1075 -60.290 145.347 3.124 634.0
10855.885138 19.9063 0.2051 -391.416 359.180 7.012 808.0
10855.911724 20.1583 0.1959 -33.532 270.820 5.795 768.0
10855.935010 20.0335 0.1813 -200.447 279.312 5.942 726.0
10855.966225 19.8548 0.1603 -475.426 288.159 5.945 714.0
10855.993134 19.9303 0.1334 -353.733 220.923 4.550 653.0
10856.032335 19.9735 0.1251 -287.777 198.261 4.149 660.0
10856.059314 20.0044 0.0967 -242.270 147.104 3.406 637.0
10856.082971 20.0990 0.1059 -110.481 148.161 3.424 644.0
10856.118850 19.9360 0.0959 -344.907 155.293 3.599 636.0
10856.142391 19.8586 0.0941 -469.022 163.410 3.666 654.0
10856.170064 19.8873 0.0972 -421.993 164.744 3.621 671.0
10856.197390 20.0759 0.1282 -141.548 185.258 3.792 702.0
10856.220654 19.7352 0.0898 -686.441 174.492 3.742 707.0
10856.241637 20.0067 0.1276 -238.800 196.483 3.916 698.0
10856.256637 19.8033 0.1156 -563.363 213.495 4.451 718.0
10856.979854 19.6922 0.1748 -768.085 367.580 6.965 764.0
10857.034448 20.0128 0.3470 -230.009 589.780 6.213 642.0
10857.059355 19.2469 0.1265 -1835.114 391.992 5.049 685.0
10857.083810 19.5162 0.0890 -1138.336 211.412 4.385 665.0
10857.114828 19.4647 0.0907 -1258.679 226.164 4.625 688.0
10857.139782 19.3486 0.0764 -1551.515 210.658 4.418 692.0
10857.171170 19.5608 0.1155 -1038.725 266.600 5.761 698.0
10857.194595 19.5901 0.1170 -975.624 263.072 5.679 691.0
10857.218391 19.3865 0.0807 -1452.522 215.298 4.299 663.0
10857.235764 19.3795 0.0721 -1470.488 192.597 3.710 717.0
10857.250636 19.2720 0.0951 -1762.444 283.718 4.646 789.0
10860.883373 20.0634 0.2018 -158.677 305.426 5.570 986.0
10860.906775 20.0539 0.1698 -171.815 255.336 4.639 859.0
10860.956091 20.6182 0.4440 439.449 453.135 6.870 1120.0
10860.987815 19.7607 0.1700 -639.497 334.905 7.072 740.0
10861.044098 19.9914 0.1353 -261.193 212.013 4.111 778.0
10861.067755 20.0017 0.4016 -246.189 708.338 4.051 1687.0
10861.884077 19.8210 0.1222 -532.606 222.654 3.796 1129.0
10861.911437 20.1373 0.1739 -60.394 242.670 4.335 1048.0
10861.957490 20.0576 0.2395 -166.791 370.933 3.598 1977.0
10861.988264 20.1711 0.1841 -17.582 250.160 3.801 991.0
10862.011273 19.9964 0.1183 -253.906 183.123 3.590 888.0
10862.034849 20.2005 0.1823 18.643 240.886 4.230 894.0
10862.886030 19.8333 0.2132 -511.607 400.937 6.445 1343.0
10862.909860 19.9607 0.1923 -306.974 318.454 5.393 1252.0
10862.933679 20.1347 0.2374 -63.647 342.186 5.895 1203.0
10862.964975 20.0001 0.1924 -248.441 307.202 5.342 1078.0
10862.988724 19.8506 0.1661 -482.413 300.680 5.289 1082.0
10863.016096 19.8887 0.1634 -419.650 285.132 4.884 1135.0
10863.042785 20.1467 0.2029 -48.353 284.510 4.866 1163.0
10863.066766 20.1997 0.2364 17.687 320.791 5.120 1327.0
10863.126174 19.9708 0.1709 -291.752 277.467 4.643 1261.0
10863.182527 19.7934 0.2007 -580.778 389.181 6.931 1228.0
10863.897657 19.7031 0.2527 -747.051 546.053 8.107 1856.0
10863.928605 20.4497 0.3159 288.852 353.766 5.118 1709.0
10863.952158 20.0632 0.2377 -158.953 365.940 5.017 1680.0
10863.980548 20.3888 0.2676 228.417 309.594 4.567 1621.0
10864.011230 20.3929 0.2794 232.626 323.889 4.955 1584.0
10864.034817 19.8770 0.1253 -438.670 217.147 3.443 1472.0
10864.065904 20.1677 0.1818 -21.818 247.536 3.871 1580.0
10864.089758 20.2020 0.2607 20.484 357.158 4.796 1675.0
10864.113334 20.3306 0.2210 167.385 263.916 3.677 1703.0
10864.147939 20.1705 0.1927 -18.292 263.010 4.084 1768.0
10864.171665 20.4139 0.2814 253.788 320.307 4.621 1804.0
10864.202498 20.4067 0.2516 246.559 284.210 3.804 2839.0
10864.234881 19.9441 0.1822 -332.333 304.868 3.819 3239.0
10867.862207 20.2399 0.4441 65.564 642.104 6.968 2994.0
10867.893144 19.8993 0.2719 -402.682 494.919 5.714 2704.0
10868.892333 19.9702 0.2724 -292.682 464.445 7.812 1398.0
10868.915387 19.8631 0.2367 -461.528 437.990 7.018 1322.0
10868.972353 20.2086 0.3149 28.436 440.013 7.128 1302.0
10868.995616 20.0581 0.2540 -165.969 395.864 6.473 1295.0
10869.026714 20.0904 0.2333 -121.951 349.562 5.682 1316.0
10869.050602 20.0671 0.1934 -153.591 290.484 5.027 1193.0
10869.077835 19.9832 0.2151 -273.350 352.715 5.914 1222.0
10869.105276 20.2431 0.2604 69.311 343.426 5.739 1215.0
10869.128620 20.0246 0.1676 -213.113 258.565 4.231 1295.0
10869.163006 20.3233 0.2325 159.544 281.013 4.728 1331.0
10869.186315 20.2262 0.2092 49.416 273.498 4.434 1454.0
10869.210145 20.6577 0.3713 471.469 352.591 5.171 1667.0
10869.216418 20.4889 0.2845 326.028 302.674 4.430 1739.0
10869.855457 22.7899 1.7095 1214.926 464.559 8.360 1079.0
10869.886694 20.3846 0.2622 224.172 303.730 6.854 670.0
10869.910755 20.0442 0.2005 -185.431 308.606 6.568 761.0
10869.942039 20.4029 0.2131 242.677 237.133 4.784 845.0
10869.965626 20.0967 0.1684 -113.508 243.225 4.691 876.0
10869.989445 20.0900 0.1716 -122.560 249.741 4.248 1063.0
10870.024085 20.1566 0.1678 -35.775 229.364 4.408 902.0
10870.069210 20.3416 0.1954 179.184 228.134 4.360 924.0
10870.103700 20.4300 0.2568 269.662 284.667 5.333 1009.0
10870.131407 20.2071 0.2112 26.655 281.250 5.078 1070.0
10870.155411 20.1084 0.2089 -97.982 304.288 4.814 1212.0
10870.192608 20.2576 0.1983 86.122 250.525 4.214 1184.0
10870.214968 20.0219 0.2102 -216.980 331.858 4.978 1284.0
10870.875024 20.3099 0.2964 144.913 373.990 7.766 758.0
10870.904016 20.1397 0.2476 -57.248 357.018 6.496 702.0
10870.931237 20.4795 0.3156 317.203 343.778 7.795 681.0
10870.959534 20.5129 0.2670 348.117 275.491 5.800 749.0
10870.990876 20.3223 0.2273 158.507 274.287 5.701 781.0
10871.014741 20.0487 0.1638 -179.137 246.703 4.957 770.0
10871.039786 20.1029 0.2111 -105.339 309.349 6.176 793.0
10871.071856 20.2758 0.2361 106.957 298.683 5.276 1036.0
10872.121825 20.3730 0.2897 212.166 343.738 7.121 846.0
10872.145655 19.7088 0.1675 -736.136 345.725 7.387 819.0
10872.176638 20.4090 0.2348 248.832 262.524 5.632 789.0
10872.200653 20.3335 0.2650 170.491 322.283 6.574 830.0
10872.889826 20.2527 0.2688 80.516 352.743 7.682 795.0
10872.942474 19.9319 0.1617 -351.171 271.019 5.470 696.0
10872.973422 20.1683 0.1688 -21.093 228.385 4.003 621.0
10872.997055 20.1017 0.1235 -106.927 173.817 3.980 582.0
10873.024635 20.1213 0.1403 -81.039 195.469 4.481 559.0
10873.052435 20.1536 0.1289 -39.531 173.452 3.914 579.0
10873.080223 20.0890 0.1245 -123.895 177.469 3.786 606.0
10873.111182 20.1729 0.1288 -15.319 170.208 3.699 641.0
10873.135244 20.1218 0.0922 -80.373 125.491 2.966 660.0
10873.162523 20.4021 0.1346 241.911 144.409 3.224 722.0
10873.191005 20.1106 0.1337 -95.097 187.556 3.775 775.0
10873.210391 20.6028 0.2712 426.620 258.075 5.294 864.0
10873.938450 20.4937 0.4837 330.482 564.525 7.514 548.0
10873.969675 20.3284 0.4244 165.003 560.162 8.208 493.0
10874.106544 20.2339 0.2244 58.495 293.433 6.722 615.0
10874.139332 20.3629 0.2747 201.686 326.684 5.900 689.0
10874.163127 20.1301 0.1687 -69.666 236.354 4.564 678.0
10874.874704 20.2280 0.2108 51.591 275.246 6.226 674.0
10874.898847 20.0262 0.1557 -210.824 238.608 5.292 658.0
10874.922503 20.3913 0.1841 230.988 204.225 4.838 613.0
10874.953890 20.1460 0.1472 -49.149 201.108 4.446 580.0
10874.977905 20.0690 0.1894 -150.977 283.405 5.801 599.0
10875.006237 20.2303 0.2029 54.274 263.399 5.990 573.0
10875.041734 20.2077 0.1635 27.379 212.752 4.607 562.0
10875.065795 20.2143 0.1750 35.319 227.586 4.959 590.0
10875.097171 20.2219 0.1940 44.367 252.700 6.007 576.0
10875.120260 20.1731 0.1680 -15.108 226.078 5.330 590.0
10875.147863 20.3188 0.2970 154.602 371.740 8.452 699.0
10875.174910 20.3697 0.2030 208.758 231.832 4.942 740.0
10875.198914 20.1705 0.2431 -18.226 339.935 7.186 786.0
10875.203474 19.9265 0.1947 -359.568 333.066 6.805 811.0
10875.856372 19.9316 0.2095 -351.699 359.201 6.106 1191.0
10875.887586 20.0892 0.1712 -123.550 249.275 5.718 684.0
10875.911543 20.7195 0.2540 519.298 215.304 5.004 655.0
10875.935292 20.1072 0.1699 -99.571 243.208 5.492 635.0
10875.966402 20.0396 0.1300 -191.820 194.334 4.598 601.0
10875.993287 20.2625 0.1937 91.770 243.083 5.136 614.0
10876.024674 20.2760 0.1345 107.112 162.091 3.828 601.0
10876.052034 20.1601 0.1244 -31.351 166.003 3.825 589.0
10876.075945 20.1650 0.1516 -25.155 204.076 4.446 592.0
10876.107043 20.3874 0.2487 226.955 285.620 6.484 637.0
10876.130723 19.9920 0.2135 -260.406 346.946 6.944 677.0
10876.161809 19.9913 0.2612 -261.418 434.617 8.228 776.0
10876.868766 20.3624 0.2002 201.183 229.891 4.942 773.0
10876.899598 20.1216 0.1701 -80.668 240.321 5.235 736.0
10876.950556 19.8780 0.1204 -437.132 207.951 4.511 678.0
10876.977650 20.4482 0.2554 287.420 278.180 6.165 678.0
10877.001769 20.2685 0.1863 98.592 231.629 5.173 647.0
10877.033781 20.1406 0.1939 -56.070 272.176 5.914 653.0
10877.057588 20.2338 0.1988 58.410 256.790 5.421 652.0
10877.085145 19.9101 0.1448 -385.486 245.629 4.793 664.0
10877.112678 20.2291 0.1729 52.888 221.501 4.802 707.0
10877.136635 20.2142 0.2016 35.159 265.546 5.317 788.0
10877.167675 20.1762 0.2600 -11.143 364.563 6.578 859.0
10877.192628 20.1732 0.2895 -14.969 412.926 7.844 881.0
10877.858023 20.2856 0.1577 117.918 190.440 3.807 743.0
10877.881541 20.2734 0.1410 104.203 170.901 3.764 638.0
10877.912662 20.2836 0.1230 115.680 146.353 3.335 578.0
10877.940647 20.1386 0.1074 -58.682 145.039 3.190 534.0
10877.995354 20.1560 0.1132 -36.551 150.873 3.489 594.0
10878.018316 20.3268 0.1502 163.333 174.036 3.754 659.0
10878.056625 19.8475 0.2676 -487.555 509.675 4.780 610.0
10878.080304 20.2763 0.1595 107.434 194.419 4.013 696.0
10879.893452 19.7161 0.1737 -722.345 357.064 7.735 755.0
10879.916819 19.8401 0.1828 -500.092 336.636 7.621 726.0
10879.949491 20.3521 0.2221 190.321 260.076 5.896 657.0
10879.973448 20.0231 0.1608 -215.275 247.626 5.468 660.0
10879.997185 20.5875 0.2412 413.686 229.457 5.038 647.0
10880.029093 19.9206 0.1369 -368.795 229.196 5.027 671.0
10880.052714 20.0566 0.1438 -168.101 213.061 4.345 674.0
10880.080815 20.3326 0.1885 169.615 221.188 5.011 653.0
10880.108487 20.3381 0.1902 175.516 222.270 4.503 659.0
10880.132132 20.0567 0.1544 -167.990 229.902 4.949 732.0
10880.163253 20.3229 0.2097 159.079 250.747 4.613 765.0
10880.185682 20.3642 0.1961 202.992 224.396 4.394 830.0
10880.190196 20.4253 0.3012 265.077 342.482 5.416 881.0
10880.860241 19.8761 0.2043 -440.228 367.846 7.936 843.0
10880.914821 20.2006 0.1957 18.778 260.227 6.032 646.0
10880.937876 20.0281 0.2109 -208.143 331.072 7.468 631.0
10880.970212 20.1231 0.1893 -78.759 269.478 6.398 623.0
10880.994713 20.4180 0.2455 257.788 273.641 6.524 623.0
10881.018948 20.1678 0.1523 -21.710 204.427 4.898 599.0
10881.051018 20.8558 0.2737 615.704 206.573 4.662 601.0
10881.074546 20.1502 0.1655 -43.908 227.234 5.412 626.0
10881.105656 20.5121 0.2034 347.321 203.762 4.603 665.0
10881.133016 19.9575 0.2148 -311.876 360.467 7.456 747.0
10881.156718 20.1522 0.2760 -41.359 398.669 7.796 848.0
10885.010180 20.3000 0.4382 133.993 597.860 7.354 604.0
10885.037806 20.0826 0.1838 -132.535 270.978 5.725 692.0
10885.061820 20.4283 0.2794 267.995 313.509 6.763 725.0
10885.092918 20.2161 0.2826 37.393 386.228 8.113 750.0
10885.116493 19.9970 0.1880 -252.999 300.384 6.121 793.0
10885.140704 20.0057 0.2216 -240.274 356.936 6.329 869.0
10885.167578 20.2046 0.2725 23.615 374.409 6.845 1027.0
10888.042205 20.3081 0.3083 142.977 391.836 8.207 625.0
10891.874384 19.6159 0.2861 -921.274 680.669 5.915 4885.0
10891.901222 20.2761 0.4309 107.288 598.660 5.869 4417.0
10891.932401 20.6732 0.4602 483.706 450.009 4.490 4107.0
10891.937076 20.6329 0.3983 451.485 392.105 3.871 3916.0
10891.957399 20.1587 0.2458 -33.141 347.875 4.302 2187.0
10891.988740 19.8912 0.2747 -415.613 504.385 4.450 4898.0
10892.035808 20.0639 0.3332 -158.017 536.689 4.874 4754.0
10892.067357 20.7476 0.5374 540.157 509.922 4.856 4644.0
10892.091314 19.5424 0.2150 -1079.513 529.102 4.664 4798.0
10896.867306 19.9523 0.2190 -319.818 370.092 5.669 1582.0
10896.897292 20.5259 0.3078 359.853 320.074 4.646 1606.0
10896.920936 19.9079 0.1968 -388.870 342.825 4.961 1492.0
10896.975539 20.1251 0.2283 -76.086 330.558 5.256 1356.0
10897.002851 20.2620 0.2629 91.158 341.161 5.535 1337.0
10897.033752 19.9129 0.2035 -380.929 353.901 5.253 1476.0
10897.057477 19.9751 0.2529 -285.309 425.400 6.706 1526.0
10897.087961 20.8262 0.4719 595.807 403.065 5.863 1632.0
10897.111350 20.4116 0.4029 251.502 487.445 6.934 1750.0
10897.142494 20.0669 0.3576 -153.954 581.309 7.733 2017.0
10897.854316 20.1278 0.3531 -72.615 541.426 5.782 3143.0
10897.884291 20.1564 0.2008 -35.980 278.741 4.894 979.0
10897.910504 19.9487 0.1703 -325.368 282.180 5.078 1020.0
10897.949876 20.5303 0.3532 363.837 373.834 6.188 1098.0
10897.973925 20.2067 0.2311 26.155 310.798 5.833 1018.0
10897.999872 20.2260 0.1925 49.232 249.654 4.510 932.0
10898.035900 20.3919 0.2034 231.599 227.618 4.292 962.0
10898.059428 20.0567 0.1734 -168.038 260.446 4.633 1021.0
10898.089796 20.1605 0.2448 -30.797 345.767 6.012 1124.0
10898.113093 19.9496 0.2407 -323.865 411.986 6.971 1206.0
10898.133091 20.6533 0.4213 467.960 411.619 6.030 1336.0
10898.903207 20.2358 0.1966 60.733 253.136 4.798 719.0
10898.931480 20.0608 0.1426 -162.241 210.320 3.967 811.0
10898.962335 20.3095 0.1610 144.506 190.460 3.892 753.0
10898.987379 20.2424 0.1548 68.504 194.273 3.851 756.0
10899.045511 20.2000 0.1645 17.973 215.671 4.148 821.0
10899.069201 20.6544 0.1930 468.828 168.776 3.323 860.0
10899.096560 20.4027 0.2123 242.551 236.153 4.303 985.0
10899.123838 20.2244 0.1716 47.269 220.743 3.670 1189.0
10899.943174 20.2915 0.1489 124.610 178.079 3.961 595.0
10899.966494 20.1722 0.1219 -16.162 160.675 3.481 743.0
10899.993529 19.9095 0.2787 -386.307 504.162 4.325 1186.0
10900.021004 20.5005 0.1681 336.714 167.421 3.485 813.0
10900.044798 20.3563 0.1530 194.740 172.806 3.484 857.0
10900.075513 19.8798 0.1257 -434.187 217.359 3.766 990.0
10900.100245 21.2743 0.5770 846.189 343.710 3.688 1614.0
10900.124283 19.9973 0.3435 -252.547 591.307 3.265 2270.0
10900.864133 19.7138 0.1858 -726.682 384.929 6.576 927.0
10900.895242 20.1681 0.2240 -21.286 311.060 6.182 657.0
10900.919071 20.1141 0.1676 -90.544 238.153 4.977 608.0
10900.950214 20.0629 0.1528 -159.344 226.082 4.886 589.0
10900.982307 19.9597 0.1425 -308.524 230.769 5.012 580.0
10901.014515 20.2569 0.1706 85.305 212.807 4.577 662.0
10901.045299 20.2080 0.1902 27.706 250.609 5.021 717.0
10901.069290 19.8360 0.1458 -507.034 264.978 5.031 775.0
10901.113488 20.1820 0.1994 -4.030 270.152 4.589 844.0
10901.880141 20.6051 0.2615 428.527 247.180 5.372 644.0
10901.903646 19.9706 0.1608 -292.084 259.872 5.694 628.0
10901.935473 19.8602 0.1578 -466.476 282.070 6.558 592.0
10901.959799 20.3090 0.1885 143.954 226.091 5.069 605.0
10901.991244 20.3329 0.2465 169.926 297.288 6.607 661.0
10902.021068 20.3498 0.2525 187.962 300.603 6.678 650.0
10902.075299 20.4363 0.3142 275.849 355.849 7.415 774.0
10902.099348 19.9968 0.2194 -253.250 355.895 7.315 793.0
10902.122992 20.7434 0.3924 537.098 347.975 6.741 860.0
10902.872412 20.3358 0.2351 173.029 281.246 5.669 704.0
10902.903185 20.2223 0.1991 44.786 259.979 5.449 682.0
10902.929340 20.1593 0.1375 -32.346 184.846 3.746 663.0
10902.960206 20.1288 0.1399 -71.327 193.543 3.897 677.0
10902.983838 19.8283 0.2514 -520.077 483.593 4.028 606.0
10903.007494 20.1599 0.1952 -31.556 269.410 5.549 644.0
10903.926031 20.7054 0.3567 508.608 321.855 6.679 711.0
10903.950115 20.0965 0.2525 -113.859 379.612 6.802 661.0
10903.977427 20.4541 0.3433 293.103 387.909 7.259 652.0
10904.004451 20.7122 0.3964 513.809 362.438 6.809 684.0
10904.008073 20.2284 0.2215 52.025 290.661 6.201 687.0
10904.031613 20.1582 0.1942 -33.719 268.359 5.484 676.0
10904.062502 20.2697 0.2757 99.989 357.338 7.045 715.0
10904.087095 20.1186 0.2518 -84.546 370.903 8.152 768.0
10904.109674 20.1145 0.1852 -90.035 265.235 5.124 812.0
10904.124082 19.8109 0.1693 -550.174 318.251 5.773 872.0
10904.907306 20.2582 0.2478 86.860 320.317 6.243 690.0
10904.930892 20.2336 0.2448 58.162 323.283 6.005 623.0
10904.962417 20.1618 0.1545 -29.234 208.751 4.565 627.0
10904.986003 20.1342 0.1836 -64.322 258.117 5.310 665.0
10905.009693 20.3675 0.2021 206.470 231.120 5.181 670.0
10905.040906 20.0360 0.1468 -196.968 222.005 4.752 651.0
10905.064793 20.3987 0.1712 238.461 187.495 4.152 637.0
10905.101456 20.3009 0.1808 135.001 217.631 4.254 702.0
10905.884332 20.0677 0.3289 -152.854 526.870 7.501 730.0
10905.915139 20.1658 0.2124 -24.158 293.929 6.477 732.0
10905.939188 20.2557 0.1696 83.898 211.720 4.674 654.0
10905.966466 20.6285 0.2947 447.922 276.978 6.169 677.0
10905.993686 20.1070 0.1946 -99.867 281.988 6.156 624.0
10906.017203 20.3237 0.3408 159.975 433.772 8.274 663.0
10906.048346 20.5994 0.3607 423.764 359.543 7.277 678.0
10906.072002 20.0483 0.2534 -179.635 398.502 6.134 642.0
10906.099221 20.2488 0.2565 75.906 335.866 6.466 709.0
10906.879897 20.1893 0.2355 4.924 322.472 6.789 829.0
10907.078388 20.1718 0.3263 -16.607 474.231 6.615 774.0
10908.863480 20.4560 0.3754 294.930 430.098 7.177 1122.0
10908.894288 20.3898 0.2994 229.485 351.499 8.230 677.0
10908.949318 20.4612 0.3276 299.877 365.052 8.334 707.0
10908.972892 20.5149 0.3086 349.917 324.206 6.193 684.0
10908.996270 20.3829 0.2314 222.395 264.532 5.838 681.0
10909.027286 19.9783 0.2210 -280.659 364.981 7.791 719.0
10909.051821 20.2253 0.1948 48.331 253.047 5.296 706.0
10909.079376 19.8590 0.1712 -468.332 308.206 6.631 707.0
10909.107325 19.9581 0.1928 -310.948 320.060 6.449 713.0
10909.889816 20.3045 0.2395 138.965 295.531 5.626 748.0
10909.921445 20.6591 0.3616 472.549 341.394 7.391 741.0
10909.945158 20.2391 0.2480 64.664 326.252 6.543 802.0
10909.972714 20.1119 0.2073 -93.356 300.753 5.417 682.0
10909.999772 20.2939 0.1667 127.271 200.638 4.401 607.0
10910.022929 20.2275 0.1854 50.946 239.286 4.844 632.0
10910.055091 20.0756 0.1636 -141.957 240.418 4.657 706.0
10910.078943 20.2096 0.2542 29.685 344.702 6.156 755.0
10910.104126 20.0352 0.3606 -198.115 604.452 7.940 691.0
10910.864049 20.7933 0.4465 573.030 388.215 6.871 1030.0
10910.894937 19.9734 0.1900 -287.851 310.628 5.652 617.0
10910.918766 20.1846 0.1808 -0.864 242.285 5.556 633.0
10910.957721 20.2766 0.1793 107.841 220.526 4.771 645.0
10910.981411 20.2149 0.1555 36.029 200.250 4.515 645.0
10911.005275 20.1148 0.1327 -89.624 185.324 4.116 657.0
10911.043605 20.1372 0.1474 -60.461 203.099 4.161 708.0
10911.067179 20.6265 0.2254 446.265 205.382 3.834 814.0
10911.088971 20.3382 0.2056 175.587 241.943 4.700 838.0
10911.103785 20.2569 0.2132 85.283 271.399 4.945 910.0
10911.882560 20.4838 0.3026 321.222 326.220 7.529 747.0
10911.906632 20.7469 0.2959 539.686 249.596 5.412 738.0
10911.933365 20.0458 0.2248 -183.094 349.545 7.677 769.0
10911.964277 20.6745 0.3161 484.736 287.772 6.451 755.0
10911.995050 20.1321 0.1615 -67.000 224.985 4.839 696.0
10912.024897 20.3273 0.2329 163.879 280.517 5.969 714.0
10912.052545 20.9849 0.3622 696.462 253.325 5.303 746.0
10912.076050 19.9572 0.2379 -312.272 403.900 7.288 777.0
10912.088028 20.0634 0.2303 -158.746 353.239 6.699 818.0
10912.864140 20.2828 0.2431 114.829 306.516 5.456 1078.0
10912.895272 19.9944 0.1755 -256.821 279.462 5.784 693.0
10912.919077 20.5573 0.1880 387.667 179.363 3.834 648.0
10912.946494 20.1842 0.1419 -1.275 186.681 4.063 660.0
10912.973528 20.2043 0.1473 23.227 190.808 4.116 645.0
10912.997462 20.5208 0.2156 355.241 215.480 4.520 620.0
10913.028767 20.4423 0.1858 281.721 196.786 4.359 628.0
10913.053452 20.3021 0.1993 136.324 241.763 4.803 644.0
10913.077501 19.9341 0.1455 -347.868 241.512 5.095 655.0
10913.085521 19.9598 0.1924 -308.346 318.837 6.825 681.0
10913.858415 20.1855 0.2042 0.291 276.431 3.025 2731.0
10913.890125 20.2109 0.1647 31.140 213.726 3.815 684.0
10913.913954 20.4177 0.1485 257.538 158.119 3.139 663.0
10913.944715 20.2091 0.1587 29.067 205.760 4.131 661.0
10913.986911 20.5162 0.2416 351.062 245.595 4.877 661.0
10914.010404 20.2186 0.1934 40.416 252.672 5.359 657.0
10914.044348 20.0066 0.1850 -238.988 292.566 5.926 727.0
10914.067853 20.1157 0.2073 -88.450 299.712 5.717 696.0
10914.081034 20.7194 0.3482 519.229 308.921 6.081 715.0
10914.095616 20.5454 0.4243 377.239 458.582 7.886 756.0
10914.995802 20.0389 0.2200 -192.884 343.472 7.964 674.0
10915.023288 20.3651 0.2867 203.990 342.243 7.625 685.0
10915.077716 19.9940 0.2173 -257.348 353.184 7.063 739.0
10915.092680 20.0182 0.2445 -222.299 393.688 8.312 743.0
10915.871221 20.0134 0.2189 -229.244 349.769 6.942 761.0
10915.898834 20.2536 0.2158 81.464 275.848 5.650 647.0
10915.925880 20.4749 0.2424 312.920 255.995 5.279 750.0
10915.953216 20.1232 0.1763 -78.547 249.472 5.214 749.0
10915.976698 20.3466 0.2108 184.550 246.841 5.373 694.0
10915.998246 20.7404 0.2836 534.890 239.211 5.086 699.0
10916.021983 20.0599 0.1842 -163.580 277.370 5.090 694.0
10916.055475 19.9645 0.2347 -301.339 395.131 7.691 719.0
10916.074929 20.3521 0.3024 190.351 368.101 6.126 803.0
10916.089720 20.1191 0.3032 -83.910 457.526 6.843 779.0
10917.952768 20.4111 0.3639 250.954 432.110 7.461 1370.0
10917.993794 20.3020 0.2795 136.185 352.291 5.803 1370.0
10918.017507 19.9804 0.2679 -277.429 451.519 7.381 1405.0
10918.868343 21.2225 0.5699 822.216 354.877 5.146 1475.0
10918.891825 19.7263 0.2291 -703.012 479.174 4.853 2053.0
10918.927065 19.7266 0.3857 -702.513 869.733 4.403 3153.0
10918.954423 19.6659 0.1679 -819.657 360.621 3.872 2091.0
10918.979803 21.9066 1.5806 1062.533 900.005 4.352 3496.0
10919.010645 21.0798 1.2891 750.044 1335.606 5.352 3670.0
10919.034960 20.5430 0.8180 375.101 1080.520 6.301 3094.0
10919.064297 20.0012 0.2204 -246.878 356.250 5.232 1554.0
10919.073637 19.9689 0.1791 -294.658 292.575 4.688 1237.0
10921.900214 19.8151 0.3037 -542.860 606.618 4.268 4741.0
10921.986085 20.2540 0.2838 82.030 374.735 2.919 4708.0
10922.872310 20.4281 0.2277 267.814 249.287 3.749 1530.0
10922.896046 19.9404 0.1586 -338.044 263.300 3.852 1358.0
10922.930800 20.2548 0.1808 82.908 227.035 3.647 1400.0
10922.954270 20.5604 0.2485 390.393 243.304 3.195 1427.0
10922.981108 20.3095 0.1759 144.476 209.596 3.181 1510.0
10923.012910 20.3598 0.2111 198.414 244.147 3.302 1585.0
10923.036438 20.4112 0.2166 251.095 239.550 3.105 1717.0
10923.061459 20.0399 0.1852 -191.370 284.132 3.492 2148.0
10924.881726 20.4537 0.2644 292.689 287.758 3.158 1312.0
10924.912649 20.4735 0.1989 311.591 206.035 2.883 1555.0
10924.936455 20.0171 0.1163 -223.795 176.364 2.953 1275.0
10924.963420 20.1199 0.1214 -82.870 167.828 2.581 1304.0
10924.994308 20.2632 0.1656 92.560 204.920 3.307 1358.0
10925.017998 20.0472 0.1356 -181.234 201.812 3.194 1491.0
10925.049662 20.1051 0.1933 -102.395 280.281 3.558 1659.0
10925.064417 20.1102 0.1732 -95.653 247.672 3.358 1815.0
10925.873182 20.3430 0.5107 180.674 693.961 4.778 2548.0
10925.885519 19.0356 0.3591 -2516.460 1510.398 4.184 4990.0
10925.908931 20.2498 0.1713 77.151 215.124 3.412 1383.0
10925.940016 20.2497 0.1706 76.948 214.291 3.281 1419.0
10926.868585 20.1069 0.1913 -99.975 276.775 4.124 1033.0
10929.930975 19.8210 0.3077 -532.670 612.357 7.716 610.0
10930.880674 20.4768 0.2869 314.655 309.034 6.109 764.0
10930.904167 19.9094 0.1899 -386.560 329.254 7.395 719.0
10930.928008 20.3844 0.2532 223.896 292.111 6.112 695.0
10930.958734 20.3850 0.2054 224.593 231.497 4.836 693.0
10930.982586 20.1355 0.1877 -62.654 264.051 5.314 748.0
10931.013462 20.5731 0.3005 401.370 298.052 6.080 743.0
10931.037360 20.3142 0.2332 149.661 284.247 5.527 768.0
10931.882822 20.5801 0.2964 407.376 291.535 6.136 757.0
10931.913456 20.1958 0.1201 12.959 154.803 3.361 694.0
10931.937921 20.3010 0.1107 135.156 128.878 2.729 703.0
10931.968728 20.2236 0.1320 46.329 166.726 3.026 724.0
10932.019823 20.1884 0.1751 3.872 233.156 4.226 835.0
10932.044137 20.0753 0.1692 -142.449 249.397 4.396 908.0
10932.881324 19.9987 0.1392 -250.560 217.038 4.402 727.0
10932.905095 20.1067 0.1648 -100.250 235.520 4.519 699.0
10932.932095 20.3950 0.1765 234.782 194.481 3.975 660.0
10932.959349 20.0702 0.1498 -149.429 219.732 4.242 662.0
10932.983745 20.1198 0.1441 -83.020 201.412 4.400 654.0
10933.014621 20.1100 0.1804 -95.887 258.819 5.031 611.0
10933.035325 20.2876 0.1870 120.177 228.567 4.560 652.0
10933.041517 20.1485 0.1560 -46.034 213.529 4.371 655.0
10933.951821 20.1957 0.2150 12.754 289.863 3.556 776.0
10933.982721 20.2411 0.2432 67.025 318.609 4.625 746.0
10934.006527 20.2417 0.1911 67.727 244.117 4.153 761.0
10934.030136 20.2195 0.2360 41.476 314.313 5.848 742.0
