10733.574625 19.5301 0.1680 102.757 408.972 6.423 1057.0
10733.607209 19.4153 0.1393 -169.658 371.642 5.305 997.0
10733.630892 19.3676 0.1043 -291.711 286.050 4.237 1031.0
10737.568208 19.7290 0.1569 511.894 316.348 5.063 1162.0
10737.595954 19.3236 0.0901 -408.889 255.767 4.263 1003.0
10737.632705 19.2879 0.1028 -507.732 303.199 4.617 947.0
10738.564901 19.7899 0.2413 622.735 478.693 7.206 806.0
10738.588201 19.4132 0.1167 -174.965 308.815 5.161 911.0
10738.619327 19.5638 0.1317 177.470 305.455 4.738 860.0
10738.643172 19.6372 0.1649 332.303 363.048 4.579 1198.0
10739.599792 19.5740 0.1505 199.749 348.886 6.152 940.0
10739.623104 19.3909 0.0951 -231.355 254.357 4.436 860.0
10740.545080 19.6459 0.1887 350.074 416.814 6.639 1145.0
10740.575534 19.4020 0.1000 -203.116 265.285 4.101 1023.0
10740.598916 19.5002 0.0950 34.662 229.525 3.647 975.0
10740.629058 19.4457 0.0918 -94.702 233.121 3.853 1015.0
10743.559065 19.5009 0.1383 36.191 340.891 3.845 916.0
10743.582505 19.3715 0.1002 -281.426 273.323 3.994 843.0
10743.614244 19.3909 0.0734 -231.289 194.190 3.374 819.0
10743.637579 19.4776 0.0877 -18.188 215.733 3.401 804.0
10744.562531 19.6452 0.1632 348.583 356.328 5.892 876.0
10744.586168 19.4199 0.1056 -158.043 276.343 4.657 868.0
10744.610302 19.9133 0.1888 829.450 326.112 5.382 908.0
10744.640930 19.9084 0.1775 821.619 306.203 5.310 1049.0
10745.552431 19.3468 0.1592 -346.602 456.682 5.625 1183.0
10746.554428 19.6027 0.1897 260.956 436.182 5.897 1218.0
10746.581120 19.3506 0.1548 -336.437 441.824 4.586 1129.0
10746.604803 19.5625 0.0977 174.641 223.195 3.314 1007.0
10746.646752 19.5069 0.1048 50.084 252.835 3.686 1472.0
10747.533934 20.1480 0.3600 1163.097 543.728 5.475 1383.0
10747.557305 19.5797 0.1669 212.040 387.832 5.025 1318.0
10747.584286 19.2680 0.1131 -564.183 341.483 4.956 1266.0
10747.611592 19.6765 0.1390 411.023 291.511 4.075 1217.0
10747.635333 19.3021 0.0991 -468.082 288.147 2.575 1102.0
10749.550719 19.5250 0.1739 91.289 426.506 5.138 1460.0
10749.574136 19.5759 0.1885 203.762 444.147 5.883 1406.0
10749.598177 19.6688 0.1599 395.856 341.261 5.183 1232.0
10749.628805 19.5432 0.1060 132.261 247.444 3.721 1125.0
10749.652465 19.4533 0.1325 -76.291 340.369 4.168 1801.0
10750.557439 19.7179 0.2409 490.844 510.555 7.087 1603.0
10750.587685 19.3058 0.1247 -457.815 365.563 5.236 1335.0
10750.612942 19.4237 0.1274 -148.674 335.362 5.119 1224.0
10750.639496 19.4827 0.1307 -6.170 326.578 5.225 1117.0
10752.535621 19.6222 0.2120 301.549 483.937 5.950 2006.0
10752.559107 19.6449 0.2970 348.053 691.644 3.936 1873.0
10752.586240 19.4915 0.1220 14.379 301.066 3.116 1645.0
10752.613638 19.3098 0.1087 -446.627 315.010 4.235 1286.0
10752.636522 19.3952 0.0981 -220.367 261.461 3.936 1184.0
10753.533949 19.3928 0.1314 -226.532 356.641 4.124 1657.0
10753.560838 19.5872 0.1231 228.059 278.202 3.619 1738.0
10753.588144 19.5281 0.1253 98.293 299.463 3.397 1832.0
10753.615450 19.4698 0.1060 -36.786 264.874 3.636 1434.0
10753.638832 19.3058 0.1067 -457.821 310.112 4.173 1367.0
10754.529499 19.2486 0.1087 -620.391 333.571 4.140 1544.0
10754.554131 19.3553 0.1592 -323.921 453.213 4.623 1892.0
10754.612100 19.5049 0.1864 45.489 468.317 4.400 2317.0
10754.635968 19.3789 0.0888 -262.303 239.426 3.721 1396.0
10758.527777 19.4471 0.1025 -91.126 261.224 3.962 921.0
10758.550742 19.4898 0.0836 10.483 202.948 3.357 955.0
10758.574135 19.5650 0.1137 180.067 261.221 3.732 945.0
10758.605111 19.3639 0.1292 -301.317 359.707 4.210 950.0
10758.628643 19.5206 0.1224 81.276 294.216 3.921 960.0
10759.504459 19.5289 0.1713 100.112 418.119 6.626 805.0
10760.512961 19.3567 0.1147 -320.162 319.464 5.819 720.0
10760.539584 19.4418 0.1148 -104.224 295.531 5.074 740.0
10760.570883 19.3893 0.0794 -235.494 211.077 3.805 812.0
10760.594496 19.4752 0.0955 -23.958 236.340 3.828 913.0
10760.622323 19.4107 0.0835 -181.100 217.962 3.610 834.0
10760.651169 19.6547 0.1132 367.806 239.322 3.668 861.0
10761.497919 19.3600 0.1318 -311.488 368.755 6.533 830.0
10761.521544 19.6187 0.1830 294.352 413.323 6.777 894.0
10762.599184 19.4395 0.1119 -109.713 288.219 5.030 860.0
10762.622357 19.4763 0.1095 -21.346 272.528 4.213 826.0
10763.498959 19.6633 0.1420 385.014 302.032 4.660 623.0
10763.526798 19.3305 0.0942 -390.168 266.150 3.711 752.0
10763.559023 19.3346 0.0739 -379.185 205.898 3.192 781.0
10763.586757 19.3116 0.0662 -441.864 187.962 3.039 793.0
10763.617258 19.4390 0.0838 -110.879 213.068 2.678 788.0
10763.641612 19.3990 0.0833 -210.720 219.784 2.677 803.0
10764.501487 19.4341 0.0969 -123.037 249.154 4.075 773.0
10764.532139 19.6123 0.1262 281.053 279.105 4.579 835.0
10764.556227 19.5108 0.0983 59.050 235.802 4.230 862.0
10764.587086 19.5035 0.0797 42.245 190.809 3.148 875.0
10764.611475 19.3594 0.0766 -313.000 209.129 3.628 916.0
10764.634996 19.3570 0.0682 -319.561 185.671 3.248 892.0
10766.485499 19.7048 0.1517 466.081 311.975 4.207 587.0
10766.508661 19.4468 0.0978 -91.997 248.640 3.920 796.0
10766.539243 19.5152 0.1078 69.099 258.612 3.693 842.0
10766.565831 19.4041 0.1427 -197.751 385.286 4.528 936.0
10766.591493 19.6175 0.1265 291.837 278.668 4.500 1001.0
10766.622156 19.4664 0.1038 -44.872 259.921 4.345 1047.0
10766.647089 19.3674 0.0865 -292.044 235.285 3.979 962.0
10769.491088 19.5777 0.1512 207.681 349.339 5.321 762.0
10769.514574 19.6701 0.1386 398.476 292.466 4.955 804.0
10769.545387 19.6487 0.1191 355.711 253.899 4.037 867.0
10769.587359 19.4761 0.0860 -21.707 211.565 3.892 838.0
10769.611401 19.4525 0.1217 -78.040 311.377 5.231 844.0
10769.642607 19.3864 0.0666 -242.936 176.384 3.412 796.0
10769.666626 19.5397 0.1146 124.440 269.699 3.674 1070.0
10770.478520 19.5570 0.1149 162.745 265.933 4.222 692.0
10770.508917 19.5197 0.0908 79.437 215.193 3.704 683.0
10770.533548 19.4520 0.0888 -79.476 223.748 3.806 703.0
10770.556953 19.5333 0.0827 109.979 192.911 3.459 723.0
10770.588994 19.3003 0.0799 -473.116 230.560 3.187 759.0
10770.615790 19.3250 0.0782 -405.240 220.533 3.203 793.0
10770.650099 19.6195 0.1165 296.072 254.949 2.789 836.0
10775.500494 19.8960 0.2554 801.780 462.539 7.352 1089.0
10775.524292 19.5528 0.1258 153.515 293.879 4.381 996.0
10775.555221 19.3682 0.0917 -289.896 249.928 4.021 979.0
10775.578290 19.4072 0.0863 -190.019 226.286 3.754 960.0
10775.606430 19.4803 0.1023 -11.902 252.748 4.026 875.0
10776.460327 19.4391 0.1727 -110.652 458.052 6.980 1271.0
10776.486070 19.5799 0.1677 212.287 389.780 5.102 1205.0
10776.517925 19.3997 0.0962 -208.924 255.271 4.083 1161.0
10776.542626 19.4153 0.1096 -169.634 288.348 3.687 1183.0
10776.566078 19.4011 0.0981 -205.428 260.095 3.887 1188.0
10776.596891 19.4378 0.0968 -113.938 247.948 3.792 1066.0
10776.620550 19.3642 0.0993 -300.389 272.512 4.043 993.0
10776.650981 19.5240 0.1110 88.983 264.385 4.118 861.0
10777.465847 20.4576 0.3941 1506.198 455.022 6.674 1459.0
10777.489182 19.8619 0.2962 746.274 564.449 6.004 1541.0
10777.521998 19.7298 0.1705 513.311 345.735 5.106 1323.0
10777.545299 19.4758 0.1344 -22.509 338.373 5.018 1290.0
10777.576135 19.3847 0.1087 -247.276 294.053 4.051 1221.0
10777.599841 19.4505 0.1412 -82.950 365.013 5.029 1184.0
10777.625178 19.5260 0.1428 93.684 344.721 4.910 1165.0
10777.655690 19.4893 0.1031 9.225 252.660 4.272 1145.0
10778.462800 19.6431 0.1915 344.449 424.699 5.965 1657.0
10778.489747 19.5030 0.1312 41.182 321.731 4.192 1615.0
10778.517296 19.5085 0.1183 53.814 286.853 4.122 1495.0
10778.596481 19.3269 0.0897 -400.081 253.659 3.438 1431.0
10778.623949 19.5030 0.1894 41.024 477.412 2.790 3560.0
10778.651290 19.3744 0.0918 -273.772 248.790 3.011 1583.0
10779.496504 19.5542 0.3346 156.577 862.413 8.249 2459.0
10779.527583 19.3798 0.1390 -259.977 383.246 5.324 1508.0
10780.567953 19.5071 0.1696 50.485 421.985 5.094 1896.0
10781.443922 20.7981 0.6253 1786.176 591.732 7.425 1961.0
10781.497931 20.1429 0.3327 1156.649 498.136 6.738 1685.0
10781.521521 19.3521 0.1887 -332.450 546.249 7.215 1624.0
10781.552334 19.3482 0.1660 -342.776 477.344 6.042 1586.0
10781.578366 19.3509 0.1312 -335.616 370.078 4.855 1566.0
10781.601598 19.5723 0.1843 195.966 434.900 4.665 1605.0
10781.673849 19.7810 0.2054 606.983 403.726 4.790 2219.0
10782.441196 19.3114 0.1567 -442.455 464.060 4.773 2733.0
10782.468919 19.1667 0.1081 -868.461 357.292 4.006 2567.0
10782.496271 19.2119 0.1452 -729.120 468.507 4.631 2562.0
10782.522314 19.3741 0.1431 -274.533 397.496 4.632 2346.0
10782.555616 19.3132 0.1557 -437.383 460.196 5.496 2156.0
10782.579403 19.4704 0.2031 -35.234 531.000 5.532 2088.0
10782.611686 19.6559 0.2409 370.074 540.475 5.913 2558.0
10785.514932 19.5417 0.3534 128.815 929.810 6.032 3825.0
10785.570203 19.5810 0.4258 214.662 1119.477 5.204 4373.0
10790.436273 19.4446 0.1152 -97.201 295.834 4.920 773.0
10790.459874 19.4560 0.0997 -69.589 251.432 4.213 810.0
10790.491509 19.4261 0.0788 -142.688 202.517 3.161 757.0
10790.514705 19.3576 0.0795 -317.770 217.660 3.660 798.0
10790.542173 19.3939 0.0828 -223.734 219.586 3.776 898.0
10790.569351 19.3920 0.0827 -228.460 219.589 3.344 949.0
10790.600939 19.4445 0.0796 -97.656 201.079 2.867 939.0
10790.631497 19.4259 0.0859 -143.269 221.480 3.359 1100.0
10790.655133 19.4874 0.1020 4.795 250.229 3.508 1001.0
10790.678387 19.4623 0.1024 -54.672 257.317 3.535 1805.0
10791.420900 19.3492 0.0941 -340.193 261.402 4.050 659.0
10791.452407 19.4684 0.1068 -39.949 267.258 4.463 822.0
10791.475499 19.4805 0.0746 -11.336 181.922 3.167 776.0
10791.507862 19.3687 0.0716 -288.684 193.204 3.485 791.0
10791.531418 19.8259 0.1292 685.544 235.054 3.361 836.0
10791.555123 19.3913 0.0748 -230.414 198.009 3.530 850.0
10791.585774 19.4459 0.0832 -94.165 210.315 3.304 855.0
10791.609583 19.4048 0.0849 -196.063 223.030 3.678 854.0
10791.636403 19.5087 0.0966 54.212 231.856 3.567 884.0
10791.663349 19.4150 0.0843 -170.379 219.447 3.360 932.0
10792.431187 19.3787 0.0987 -262.712 267.386 4.421 711.0
10792.461652 19.4491 0.1073 -86.491 273.376 4.443 728.0
10792.484686 19.2922 0.0779 -495.524 226.204 3.830 687.0
10792.511911 19.3017 0.0645 -469.025 184.520 3.587 687.0
10792.539239 19.5581 0.0821 165.047 187.134 3.422 684.0
10792.563408 19.2921 0.0719 -496.071 208.139 3.413 723.0
10792.594591 19.4735 0.0747 -27.862 183.222 3.471 766.0
10792.618285 19.4533 0.0782 -76.222 195.724 3.297 839.0
10792.641851 19.5543 0.0950 156.751 218.470 3.361 884.0
10792.672548 19.4052 0.0839 -195.002 220.089 3.536 1130.0
10793.424817 19.2394 0.1018 -647.328 313.930 4.811 723.0
10793.455710 19.8767 0.1501 770.506 263.329 4.514 752.0
10793.481453 19.5398 0.0972 124.507 226.899 4.174 747.0
10793.538089 19.3399 0.0688 -364.854 190.544 3.448 724.0
10793.561656 19.4139 0.0888 -173.161 231.661 3.573 746.0
10793.596682 19.3973 0.0709 -214.959 186.436 3.590 774.0
10793.627784 19.4334 0.0821 -124.849 209.757 3.611 870.0
10793.651269 19.3438 0.0723 -354.432 199.760 3.539 904.0
10794.414186 19.5459 0.1231 138.098 289.209 4.752 572.0
10794.437417 19.7210 0.1251 496.730 250.370 4.667 679.0
10794.473392 19.5127 0.1060 63.283 254.719 4.568 663.0
10794.499702 19.4977 0.0963 28.919 233.496 3.893 685.0
10794.522655 19.3739 0.0824 -275.159 222.374 3.852 676.0
10794.553537 19.5229 0.1176 86.569 281.397 4.286 723.0
10794.576768 19.4763 0.0955 -21.200 236.154 4.307 760.0
10794.601480 19.3596 0.0746 -312.568 203.273 3.745 760.0
10794.632536 19.4310 0.1156 -130.546 300.659 5.280 896.0
10798.444875 19.2085 0.1782 -739.394 585.922 6.259 817.0
10798.582199 19.2413 0.1417 -641.719 444.248 6.723 983.0
10798.606426 19.4818 0.1641 -8.181 416.726 6.661 928.0
10798.636983 19.5492 0.1928 145.460 466.405 6.941 988.0
10798.662842 19.3850 0.1024 -246.501 276.325 4.831 952.0
10799.414006 19.3203 0.1205 -418.066 348.067 4.353 729.0
10799.440767 19.3386 0.0962 -368.432 269.939 4.683 727.0
10799.464333 19.4029 0.1138 -200.755 303.640 4.018 790.0
10799.495203 19.3175 0.0931 -425.579 265.940 4.213 861.0
10799.518643 19.4276 0.0847 -138.996 217.874 3.515 875.0
10799.545739 19.3771 0.0950 -266.962 257.166 3.665 889.0
10799.573126 19.4576 0.0949 -65.885 238.706 3.722 897.0
10799.597236 19.3406 0.0834 -363.079 232.176 3.918 926.0
10799.628326 19.5759 0.1200 203.828 273.705 4.748 962.0
10799.652182 19.3512 0.0855 -334.808 236.094 3.699 969.0
10799.677357 19.3886 0.0961 -237.253 257.692 3.826 1347.0
10800.398009 19.6672 0.1473 392.644 312.931 4.881 791.0
10800.428243 19.5978 0.1367 250.566 307.962 4.365 762.0
10800.451196 19.6124 0.1072 281.126 235.018 4.263 766.0
10800.481834 19.5215 0.0983 83.453 233.328 3.711 765.0
10800.505713 19.4968 0.0701 26.683 167.996 3.338 765.0
10800.529442 19.4993 0.1179 32.616 288.345 3.690 789.0
10800.559930 19.3400 0.0692 -364.706 191.691 3.620 773.0
10800.584538 19.4656 0.0732 -46.599 180.935 3.542 781.0
10800.610674 19.3846 0.0672 -247.522 178.432 3.431 813.0
10800.637748 19.4113 0.0877 -179.688 229.427 3.232 843.0
10800.672657 19.4710 0.0925 -33.834 229.428 3.513 986.0
10801.407464 19.4852 0.1509 -0.410 379.707 4.945 811.0
10801.430869 19.6252 0.1169 307.844 254.407 4.565 771.0
10801.457444 19.3447 0.0861 -352.106 239.258 4.260 730.0
10801.484645 19.4885 0.0956 7.452 233.559 4.372 736.0
10801.508455 19.3868 0.0859 -241.771 229.502 3.900 730.0
10801.539302 19.5851 0.0936 223.452 209.159 3.934 756.0
10801.563389 19.4343 0.0646 -122.620 163.563 3.168 766.0
10801.586770 19.4452 0.0771 -95.860 194.546 3.304 799.0
10801.617884 19.4908 0.1139 12.779 280.184 4.529 918.0
10801.641253 19.5535 0.0968 154.858 223.030 3.934 922.0
10801.672297 19.3491 0.1120 -340.264 313.518 5.013 1059.0
10802.406501 19.5526 0.1155 152.876 268.737 4.203 913.0
10802.429778 19.5059 0.0998 47.760 240.412 3.852 837.0
10802.461180 19.3777 0.0731 -265.413 195.813 3.690 772.0
10802.485036 19.4668 0.0752 -43.714 185.849 3.562 760.0
10802.515953 19.3998 0.0737 -208.567 193.562 3.680 772.0
10802.543431 19.5641 0.0834 178.136 189.037 3.604 767.0
10802.567102 19.4230 0.0843 -150.415 217.722 3.560 775.0
10802.598620 19.5319 0.0923 106.974 216.461 3.785 791.0
10802.622268 19.4322 0.0986 -127.563 254.143 4.041 822.0
10802.649573 19.7480 0.1467 547.149 289.225 4.414 858.0
10802.677595 19.4761 0.1649 -21.742 421.099 5.199 1246.0
10803.400258 19.4833 0.1110 -4.645 274.647 4.291 1032.0
10803.423801 19.3785 0.0856 -263.282 230.324 3.881 937.0
10803.454625 19.5465 0.0996 139.534 231.196 3.585 928.0
10803.480020 19.5489 0.0838 144.766 192.603 3.336 915.0
10803.507082 19.5383 0.1024 121.290 239.796 3.561 919.0
10803.534596 19.2267 0.0866 -684.855 268.238 3.758 974.0
10803.558266 19.3579 0.0772 -317.053 210.872 3.254 976.0
10803.589194 19.3633 0.0694 -302.824 188.160 3.092 1021.0
10803.612818 19.5041 0.0889 43.592 213.635 3.398 1012.0
10803.637033 19.5296 0.1187 101.814 282.352 4.297 1055.0
10803.667833 19.4704 0.1683 -35.337 432.692 6.149 1131.0
10804.400334 19.6189 0.1182 294.767 258.940 4.229 1103.0
10804.430625 19.4809 0.0796 -10.289 194.353 3.397 974.0
10804.453972 19.4023 0.1137 -202.238 303.469 3.493 931.0
10804.478209 19.4813 0.0732 -9.517 178.322 3.303 897.0
10804.508906 19.4847 0.0952 -1.357 233.526 3.779 898.0
10804.532287 19.4143 0.0777 -172.056 201.693 3.497 895.0
10804.559407 19.6023 0.1047 259.955 231.457 3.358 990.0
10804.587383 19.5265 0.0808 94.682 189.349 3.435 886.0
10804.611054 19.4204 0.0860 -156.843 222.732 3.528 830.0
10804.642190 19.3288 0.1002 -394.909 284.193 4.004 945.0
10804.665397 19.6731 0.1263 404.406 264.248 4.126 994.0
10805.401659 19.3232 0.1157 -409.963 332.311 4.584 1369.0
10805.428952 19.4581 0.1148 -64.677 291.103 4.162 1177.0
10805.452877 19.5115 0.1282 60.685 311.540 5.110 1088.0
10805.484187 19.7368 0.1840 526.330 372.937 5.952 1152.0
10805.507152 19.6192 0.2068 295.359 472.179 6.675 1155.0
10805.530405 19.6112 0.1034 278.613 226.670 3.848 1099.0
10807.397441 19.0528 0.1647 -1245.926 621.247 5.688 2573.0
10807.431540 19.4073 0.1981 -189.798 547.504 5.601 2525.0
10807.462132 19.4950 0.1745 22.513 439.990 5.132 2395.0
10807.485513 19.3364 0.1267 -374.320 361.405 4.598 1772.0
10807.508894 19.4115 0.1902 -179.064 521.709 4.435 3222.0
10807.540123 19.3528 0.1231 -330.658 345.452 4.348 1611.0
10807.563805 19.4638 0.2124 -50.957 561.137 3.847 4065.0
10807.625880 19.7514 0.2057 553.420 415.754 4.251 2889.0
10807.649747 19.5764 0.2372 204.934 571.516 5.245 2881.0
10807.680536 20.5007 0.5204 1546.719 614.495 5.308 3512.0
10808.502078 19.4661 0.1470 -45.548 375.753 3.357 2888.0
10808.525725 19.4329 0.1224 -125.954 318.826 3.585 2454.0
10808.549603 19.3646 0.1110 -299.425 306.388 3.014 2445.0
10808.637641 19.4114 0.1456 -179.427 391.065 3.563 3876.0
10808.661311 19.5966 0.1780 248.099 409.418 3.853 2967.0
10808.685155 19.4547 0.1643 -72.960 427.883 3.790 3963.0
10809.511244 19.4893 0.1485 9.233 371.929 3.385 3947.0
10809.542288 19.5838 0.1229 220.792 278.722 3.124 2472.0
10809.675270 19.4523 0.2076 -78.535 552.999 4.454 4571.0
10813.397520 19.6966 0.1777 450.237 372.697 4.014 933.0
10813.452627 19.7313 0.3326 516.167 727.621 4.608 2000.0
10813.518232 19.2814 0.2424 -525.964 768.497 3.897 2675.0
10813.543153 19.3337 0.1494 -381.681 432.048 4.609 2049.0
10813.577854 19.5505 0.1665 148.231 397.289 3.589 2394.0
10813.601605 19.4659 0.1595 -45.942 410.233 3.823 2631.0
10813.628747 19.0771 0.1261 -1162.108 456.869 3.962 3610.0
10813.656110 19.4161 0.1528 -167.525 410.109 3.831 3606.0
10813.679977 19.3635 0.1553 -302.406 437.884 3.927 3536.0
10815.412343 19.3817 0.2642 -254.980 771.591 5.216 834.0
10815.471513 18.7144 0.1922 -2632.626 1002.765 5.788 1664.0
10815.502892 20.9208 0.9029 1867.345 880.280 4.778 1866.0
10815.526226 19.2826 0.1797 -522.754 552.285 3.756 1761.0
10815.553843 19.7885 0.3680 620.383 776.997 4.644 1845.0
10815.582884 19.4086 0.1037 -186.462 273.808 4.389 1117.0
10815.607515 19.3450 0.1226 -351.353 346.424 4.018 1485.0
10815.638535 19.4730 0.1255 -28.979 315.607 4.315 1364.0
10818.379148 19.4218 0.0889 -153.304 230.196 3.392 848.0
10818.403570 19.3282 0.0779 -396.508 218.754 2.900 852.0
10818.434648 19.4862 0.0749 2.153 181.601 3.377 843.0
10818.458260 19.4730 0.0849 -28.992 209.398 3.133 839.0
10818.481595 19.3953 0.0778 -220.052 205.552 3.219 844.0
10818.512452 19.3324 0.0743 -385.024 207.658 3.071 868.0
10818.536516 19.5136 0.0850 65.350 201.929 3.505 932.0
10818.567513 19.3785 0.0910 -263.213 245.564 2.943 963.0
10818.591380 19.4793 0.0984 -14.061 242.763 3.665 1025.0
10818.615408 19.4143 0.0985 -172.045 258.033 3.590 1037.0
10818.650676 19.3070 0.0913 -454.568 263.096 3.918 1062.0
10818.674265 19.5500 0.1359 147.258 319.838 4.704 1193.0
10818.682078 19.4011 0.1375 -205.261 371.578 5.127 1428.0
10819.348102 19.3328 0.1378 -384.057 396.577 4.996 849.0
10819.383324 19.4672 0.1181 -42.819 297.414 4.281 973.0
10819.411311 19.3138 0.0847 -435.700 241.894 4.261 881.0
10819.434923 19.5011 0.1037 36.757 251.391 4.325 854.0
10819.465758 19.3272 0.0789 -399.178 222.124 3.906 814.0
10819.489462 19.6486 0.1011 355.498 213.718 3.577 871.0
10819.516836 19.4391 0.0812 -110.720 206.220 3.254 829.0
10819.543979 19.4936 0.0938 19.338 227.885 3.524 913.0
10819.567463 19.3831 0.0805 -251.284 215.189 3.676 1003.0
10819.598217 19.4622 0.1489 -54.698 382.194 5.460 1137.0
10819.621968 19.7036 0.1661 463.668 344.257 4.576 1168.0
10819.645013 19.4864 0.1383 2.538 345.599 4.950 1210.0
10819.677399 19.2969 0.1338 -482.391 397.243 5.687 1249.0
10820.339417 19.2986 0.1398 -477.741 415.501 5.975 620.0
10820.369905 19.4303 0.1026 -132.358 265.330 4.725 784.0
10820.393007 19.3734 0.1170 -276.375 321.024 5.349 838.0
10820.451077 19.4944 0.1132 21.195 277.347 4.549 798.0
10820.474619 19.5314 0.1172 105.847 278.067 4.642 870.0
10820.505651 19.1358 0.0811 -967.102 272.363 4.420 819.0
10820.529344 19.3110 0.0733 -443.521 208.901 3.794 786.0
10820.562806 19.3327 0.0845 -384.349 237.222 4.196 891.0
10820.586534 19.7682 0.1724 584.003 337.653 5.803 978.0
10820.609845 19.3973 0.1185 -214.963 318.332 4.313 1014.0
10820.641038 19.4162 0.1374 -167.328 366.001 6.117 1059.0
10820.687580 19.4951 0.2367 22.709 614.542 7.027 1419.0
10821.337293 19.4314 0.1561 -129.533 413.775 5.179 777.0
10821.365535 19.3612 0.0956 -308.342 262.871 4.375 972.0
10821.392689 19.8863 0.1541 786.253 268.279 4.697 856.0
10821.416891 19.6119 0.1254 280.222 277.441 4.853 824.0
10821.447992 19.3941 0.0973 -223.262 259.713 4.363 797.0
10821.475528 19.5267 0.1120 95.250 266.304 4.175 811.0
10821.503110 19.3583 0.0908 -316.000 249.700 4.199 813.0
10821.531132 19.3536 0.0900 -328.491 248.309 3.524 790.0
10821.554918 19.5575 0.1033 163.665 237.757 4.246 831.0
10821.586852 19.5231 0.0976 87.148 231.311 4.109 879.0
10821.610834 19.4209 0.0893 -155.761 231.522 3.982 872.0
10821.635384 19.6552 0.1069 368.705 225.241 3.733 942.0
10821.666612 19.4359 0.1255 -118.610 326.623 5.309 1042.0
10821.672712 19.4225 0.1123 -151.750 294.093 4.878 1034.0
10821.687643 19.4397 0.2294 -109.201 624.726 6.711 1364.0
10822.335608 19.5752 0.2508 202.166 609.106 8.153 835.0
10822.394267 19.8334 0.2490 698.254 476.393 8.033 866.0
10823.378089 19.5354 0.1112 114.700 262.330 4.457 805.0
10823.403078 19.3452 0.0775 -350.660 214.362 3.995 715.0
10823.438543 19.3733 0.0995 -276.718 270.864 4.927 728.0
10823.462722 19.5164 0.1245 71.898 300.687 5.777 728.0
10823.493522 19.4281 0.1026 -137.679 266.026 4.738 712.0
10823.520513 19.3996 0.1052 -209.105 280.452 4.741 791.0
10823.544461 19.5408 0.1014 126.749 236.956 4.231 802.0
10823.575562 19.4451 0.1304 -96.161 337.273 5.482 982.0
10823.599208 19.4052 0.1255 -195.040 335.905 5.735 940.0
10823.626084 19.3622 0.1231 -305.701 342.233 5.548 990.0
10823.663192 19.7076 0.1987 471.265 416.657 6.205 1089.0
10823.664720 19.4091 0.1580 -185.264 427.705 6.414 1114.0
10823.679350 19.4867 0.1691 3.112 428.605 6.786 1214.0
10824.337117 19.3749 0.1322 -272.509 364.909 5.326 1079.0
10824.361469 19.3904 0.1302 -232.532 354.072 6.373 969.0
10824.391494 19.2398 0.1261 -645.930 393.015 5.923 851.0
10824.415036 19.7280 0.2005 509.899 413.002 7.528 868.0
10826.348770 19.7982 0.2207 637.362 430.207 6.711 1127.0
10826.373540 19.2875 0.1300 -508.906 388.487 6.265 930.0
10826.403691 19.5479 0.1125 142.697 262.424 4.367 841.0
10826.427257 19.5534 0.1225 154.687 285.722 4.404 790.0
10826.450718 19.4249 0.1380 -145.596 364.813 6.509 762.0
10826.468033 19.3818 0.1376 -254.694 378.461 6.851 750.0
10826.491807 19.7217 0.1538 498.055 311.602 5.642 782.0
10826.522352 19.4995 0.1180 33.071 288.463 5.133 811.0
10826.549170 19.4096 0.1153 -183.976 305.757 5.488 827.0
10826.579785 19.6588 0.1424 376.038 304.177 5.080 845.0
10826.603547 19.3393 0.1212 -366.621 344.010 5.370 922.0
10826.627228 19.2618 0.1151 -582.024 349.935 5.490 988.0
10826.658803 19.5457 0.1875 137.682 454.004 7.354 1108.0
10826.682681 19.5622 0.1509 174.074 353.582 5.278 1265.0
10827.349971 19.4356 0.1300 -119.247 339.079 5.802 949.0
10827.381002 19.7046 0.1689 465.516 350.202 5.457 881.0
10827.408502 19.6264 0.1587 310.308 351.815 5.923 780.0
10827.432496 19.5030 0.1667 41.028 415.709 4.477 372.0
10827.464291 19.2618 0.0829 -582.017 248.136 3.947 806.0
10827.487510 19.5479 0.1091 142.509 254.048 4.323 789.0
10827.518355 19.4644 0.0827 -49.607 205.470 3.756 758.0
10827.542094 19.5341 0.1434 111.886 343.736 4.087 805.0
10827.566933 19.4123 0.0799 -177.233 207.845 3.609 831.0
10827.598161 19.5019 0.1059 38.675 256.917 4.377 894.0
10827.621981 19.5183 0.1325 76.182 320.553 4.525 1027.0
10827.653035 19.4662 0.1094 -45.353 274.779 4.271 1139.0
10827.680536 19.4508 0.1492 -82.362 387.148 4.668 1233.0
10828.339005 19.8493 0.1895 725.153 347.265 5.299 856.0
10828.361991 19.5355 0.1246 115.034 295.643 4.607 928.0
10828.395511 19.7186 0.1414 492.244 285.704 4.873 911.0
10828.418914 19.5482 0.1306 143.193 307.117 4.806 924.0
10828.446554 19.3926 0.0929 -226.947 247.622 3.575 894.0
10828.473592 19.3408 0.0800 -362.634 222.318 3.720 937.0
10828.496926 19.4238 0.0772 -148.334 198.514 3.595 857.0
10828.528894 19.6257 0.0887 308.713 190.430 3.452 817.0
10828.552691 19.3860 0.1004 -243.809 270.206 4.301 981.0
10828.576361 19.3988 0.0933 -211.288 247.394 3.828 993.0
10828.607068 19.6894 0.1412 436.252 292.997 4.364 1048.0
10828.630714 19.3828 0.1024 -252.255 276.752 4.190 1075.0
10828.674500 19.4737 0.1765 -27.355 454.386 6.019 1192.0
10829.347401 19.5656 0.1690 181.442 398.339 6.595 1032.0
10829.371360 19.3277 0.1277 -397.946 367.469 6.385 987.0
10829.402264 19.5012 0.1443 36.966 356.707 5.975 901.0
10829.426258 19.6282 0.1706 314.000 379.877 6.008 891.0
10829.453874 19.3486 0.1088 -341.658 304.456 5.808 749.0
10829.480866 19.5797 0.1201 211.967 273.108 4.661 778.0
10829.510947 19.5589 0.1142 166.755 264.008 4.880 773.0
10829.542163 19.5252 0.1732 91.875 424.582 6.696 883.0
10829.566412 19.4575 0.1362 -66.201 349.074 6.180 936.0
10829.593982 19.7101 0.1550 476.092 317.599 5.610 991.0
10829.623636 19.5186 0.1846 76.805 457.571 7.039 1061.0
10829.647641 19.3730 0.1504 -277.522 419.610 6.740 1132.0
10829.650060 19.5626 0.1994 174.865 478.116 6.545 1111.0
10830.362509 20.3275 0.4789 1373.897 649.758 6.834 1090.0
10831.346828 19.7027 0.2180 461.941 463.343 6.433 1069.0
10831.370220 19.6714 0.1626 401.091 346.439 5.626 1028.0
10831.401239 19.8269 0.1884 687.193 352.294 5.397 940.0
10831.425557 19.3843 0.0878 -248.386 235.303 4.199 920.0
10831.459412 19.4407 0.1102 -106.734 283.262 4.353 965.0
10831.483197 19.3556 0.0967 -323.080 267.267 4.120 977.0
10831.507110 19.3346 0.0894 -379.199 251.079 4.297 977.0
10831.539911 19.3667 0.0998 -294.043 273.472 4.647 967.0
10831.608281 19.4483 0.1136 -88.443 290.620 4.291 1169.0
10831.647124 19.7828 0.1776 610.142 344.039 5.183 1326.0
10831.661801 19.6310 0.1749 319.593 389.117 5.355 1443.0
10832.352338 19.2934 0.1135 -492.312 334.936 4.734 1229.0
10832.375776 19.6578 0.1432 374.042 306.295 3.989 1143.0
10832.406644 19.3081 0.0850 -451.433 244.051 3.925 1140.0
10832.430302 19.3945 0.0845 -222.038 223.923 3.662 1139.0
10832.456287 19.4818 0.0912 -8.304 223.704 3.398 1116.0
10832.487271 19.5667 0.0897 183.791 203.361 3.427 1085.0
10832.510918 19.5117 0.1070 61.049 257.286 3.806 1124.0
10832.542816 19.4607 0.1126 -58.403 284.520 3.829 1119.0
10832.566717 19.6383 0.1470 334.570 320.596 4.293 1100.0
10832.590294 19.4661 0.1204 -45.494 303.826 4.331 1208.0
10832.620897 19.6063 0.1716 268.528 389.989 4.754 1347.0
10832.644694 19.6921 0.1972 441.535 419.065 5.572 1512.0
10832.665979 19.6497 0.1539 357.790 333.143 5.504 1140.0
10833.370427 19.2799 0.3144 -530.219 1033.169 5.566 2798.0
10833.437685 19.6342 0.1340 326.132 291.552 4.505 973.0
10833.461343 19.4317 0.1044 -128.829 269.920 4.357 891.0
10833.464109 19.4587 0.0888 -63.150 222.272 3.929 843.0
10833.491066 19.6027 0.1277 260.855 285.245 4.488 934.0
10833.520361 19.6393 0.1353 336.646 293.223 4.721 954.0
10833.543995 19.6977 0.1821 452.271 382.284 5.503 1017.0
10840.298925 19.2979 0.1703 -479.673 513.740 5.327 2307.0
10840.322328 19.3581 0.1873 -316.591 539.042 4.678 3383.0
10840.353705 19.6554 0.1604 369.151 346.569 4.230 2136.0
10840.377513 19.4906 0.1532 12.360 384.051 4.340 2082.0
10840.409875 19.4811 0.1586 -10.026 401.970 4.577 2586.0
10840.433799 19.4390 0.1382 -111.026 360.630 4.090 2076.0
10840.457271 19.5263 0.1198 94.353 285.985 3.604 1997.0
10840.459100 19.4661 0.1169 -45.551 294.611 3.684 2072.0
10840.490142 19.4704 0.1296 -35.133 327.214 4.188 1625.0
10840.513892 19.4589 0.1192 -62.707 302.817 4.043 1722.0
10840.541357 19.4588 0.1525 -62.895 393.531 4.414 1782.0
10840.568811 19.4577 0.1257 -65.609 320.455 3.998 1832.0
10840.593951 19.3550 0.1250 -324.670 350.400 4.516 1957.0
10840.624043 19.3711 0.1873 -282.396 532.519 5.487 2291.0
10840.639044 19.8262 0.2568 686.068 496.358 5.670 2346.0
10842.306557 19.5144 0.1456 67.312 355.717 6.059 825.0
10842.337332 19.2652 0.1216 -572.192 369.546 6.202 999.0
10842.361823 19.5473 0.1680 141.263 402.430 5.989 1067.0
10842.389833 19.2441 0.1135 -633.444 350.452 5.497 1140.0
10842.417055 19.2526 0.1388 -608.591 430.200 5.169 1871.0
10842.443652 19.3745 0.1428 -273.586 396.338 4.706 2294.0
10842.474521 19.4616 0.1123 -56.154 283.646 4.643 968.0
10842.499231 19.3713 0.1013 -282.001 276.618 4.573 1041.0
10842.525991 19.3317 0.1549 -386.937 449.784 6.038 1163.0
10842.552982 19.4576 0.1364 -65.898 349.510 5.080 1196.0
10842.576084 19.3078 0.1687 -452.134 503.997 6.920 1510.0
10842.606512 19.8756 0.3433 768.745 660.920 7.106 2023.0
10842.618862 19.4860 0.2154 1.669 558.316 6.600 1793.0
10842.633549 18.9139 0.1736 -1763.702 747.330 5.599 1554.0
10843.295532 19.4183 0.1346 -162.131 357.432 5.984 959.0
10843.319317 19.9258 0.2093 849.098 360.873 5.590 925.0
10843.350729 19.2938 0.0942 -491.283 275.308 4.380 796.0
10843.374873 19.5750 0.1236 201.792 282.557 4.184 871.0
10843.398739 19.6183 0.1154 293.459 252.558 4.180 887.0
10843.430058 19.4545 0.1196 -73.204 304.912 4.898 910.0
10843.454977 19.6136 0.1270 283.652 280.816 4.503 868.0
10843.491737 19.5139 0.1108 66.135 266.400 4.588 861.0
10843.521795 19.2629 0.0895 -578.723 268.594 4.474 883.0
10843.545788 19.6568 0.1386 371.901 296.064 4.531 914.0
10843.576621 19.3427 0.1077 -357.497 302.857 4.842 981.0
10846.268120 19.4454 0.1409 -95.318 365.889 5.717 1087.0
10846.296396 19.3340 0.1263 -380.679 360.957 6.142 966.0
10846.331002 19.3874 0.1221 -240.278 331.560 5.695 769.0
10848.264008 19.7046 0.2037 465.678 429.214 6.456 1433.0
10848.291589 19.5304 0.1512 103.583 364.867 5.833 1289.0
10848.317445 19.4061 0.1154 -192.754 307.212 5.165 1048.0
10848.348579 19.4145 0.1245 -171.519 330.313 5.485 919.0
10848.371924 19.3939 0.1041 -223.586 278.564 4.914 857.0
10848.399204 19.7320 0.1315 517.492 261.210 4.920 800.0
10848.426750 19.3083 0.0927 -450.778 266.991 4.837 859.0
10848.450072 19.3139 0.1033 -435.584 297.696 5.005 889.0
10848.481079 19.5994 0.1282 253.888 287.335 5.075 895.0
10848.503278 19.5095 0.1168 56.176 282.687 5.000 904.0
10848.507456 19.5108 0.1172 59.067 283.422 4.980 947.0
10848.531044 19.3325 0.1199 -384.824 342.271 5.319 977.0
10848.564447 19.4038 0.1431 -198.651 386.695 6.196 1033.0
10848.588046 19.1323 0.1332 -978.317 460.012 6.736 1066.0
10848.603185 19.3633 0.1879 -302.969 538.229 7.413 1043.0
10848.616854 19.5812 0.2069 215.094 489.339 7.724 1101.0
10849.287395 19.1827 0.1194 -818.573 391.244 5.766 873.0
10849.315739 19.5029 0.1277 40.909 312.578 5.290 736.0
10849.339131 19.3679 0.1101 -290.918 302.758 5.261 711.0
10849.370936 19.6219 0.1150 300.945 250.809 4.565 661.0
10850.311960 19.4933 0.1975 18.662 504.284 7.020 842.0
10850.342400 19.3536 0.1074 -328.495 299.028 4.824 637.0
10850.366173 19.3250 0.0874 -405.187 247.526 4.863 620.0
10850.389784 19.6331 0.1195 324.021 258.440 4.635 761.0
10850.423985 19.4409 0.0979 -106.255 250.216 4.607 800.0
10850.448707 19.4387 0.1034 -111.679 265.582 4.528 817.0
10850.480165 19.5187 0.1292 77.137 311.976 5.941 796.0
10850.507769 19.4704 0.1318 -35.250 333.059 5.830 830.0
10850.533753 19.5352 0.1816 114.263 442.834 7.393 961.0
10850.564482 19.4645 0.1884 -49.205 491.732 7.921 1000.0
10851.296965 19.2259 0.1628 -687.085 522.853 4.452 964.0
10851.349950 19.2499 0.1432 -616.424 445.797 4.389 791.0
10851.381050 19.2833 0.0910 -520.730 268.105 4.378 733.0
10851.407079 19.4049 0.1826 -195.778 502.033 4.127 769.0
10851.430841 19.4858 0.1347 1.183 336.032 3.981 800.0
10851.525331 19.4091 0.1087 -185.113 287.699 4.970 865.0
10851.557865 19.3689 0.1288 -288.319 357.069 5.524 1006.0
10851.582946 19.3686 0.1383 -289.005 385.070 6.600 1066.0
10851.589694 19.1807 0.1275 -824.485 420.056 6.655 1090.0
10851.605214 19.5117 0.1529 61.064 375.775 6.421 1113.0
10855.467170 19.3478 0.1077 -343.691 301.320 5.355 764.0
10855.498200 19.2206 0.0946 -703.153 295.810 5.144 767.0
10855.566335 19.2215 0.1101 -700.315 346.343 5.366 909.0
10855.592967 18.9688 0.0941 -1550.895 370.748 5.963 951.0
10856.253859 19.4035 0.1314 -199.325 353.214 5.603 1179.0
10856.282123 19.1114 0.0903 -1046.859 311.754 4.851 938.0
10856.312875 19.0731 0.0733 -1175.721 259.765 4.795 771.0
10856.336393 19.0237 0.0713 -1349.154 264.444 4.830 711.0
10856.363788 19.0010 0.0578 -1431.344 217.380 3.977 627.0
10856.390894 19.1601 0.0728 -889.220 238.259 4.314 620.0
10856.413891 19.1101 0.0645 -1051.093 220.160 4.303 613.0
10856.444574 19.0778 0.0649 -1159.558 228.283 4.013 685.0
10856.469330 19.0242 0.0662 -1347.430 244.666 4.656 682.0
10856.492756 19.1603 0.0717 -888.657 234.349 4.551 690.0
10856.523299 19.0064 0.0873 -1411.664 331.274 5.834 830.0
10856.554653 18.9837 0.0855 -1495.249 330.974 5.732 874.0
10856.585671 19.1393 0.1204 -955.529 410.622 6.717 928.0
10856.606527 19.0309 0.1210 -1323.351 456.245 7.658 1007.0
10857.245092 18.5781 0.0626 -3325.353 348.374 5.313 970.0
10857.268969 18.5877 0.0602 -3273.948 331.961 5.815 901.0
10857.299871 18.5056 0.0565 -3730.917 335.351 5.584 831.0
10857.324362 18.5657 0.0594 -3393.172 334.074 5.562 790.0
10857.355113 18.4785 0.0551 -3889.889 335.260 5.012 755.0
10857.378203 18.4957 0.0584 -3788.327 349.943 5.363 789.0
10857.402126 18.3865 0.0484 -4458.640 319.459 6.045 640.0
10857.433700 18.2365 0.0385 -5496.840 290.448 4.654 726.0
10857.513976 18.1170 0.0410 -6432.085 345.373 5.642 798.0
10857.540851 18.0440 0.0432 -7056.434 389.432 6.471 923.0
10857.564461 17.9841 0.0440 -7601.032 419.360 6.418 1010.0
10857.595225 17.8386 0.0452 -9056.208 492.722 7.093 1163.0
10858.339296 18.6984 0.0527 -2709.606 261.531 4.336 736.0
10858.369863 18.7710 0.0561 -2369.665 260.507 4.257 753.0
10858.393172 18.8078 0.0699 -2206.153 315.887 4.705 719.0
10858.419283 18.7513 0.1200 -2460.014 584.839 6.224 744.0
10858.452812 18.6963 0.1322 -2720.025 682.118 6.001 709.0
10858.475416 18.8317 0.0579 -2102.568 254.414 4.666 651.0
10858.508679 18.6687 0.0572 -2855.591 292.076 4.833 738.0
10858.531896 18.8398 0.0660 -2067.802 289.011 4.789 789.0
10858.555507 18.9082 0.0707 -1786.204 291.532 4.737 864.0
10858.585888 18.8063 0.0693 -2212.762 313.489 5.128 991.0
10858.606432 18.8741 0.0987 -1924.668 425.354 6.193 1080.0
10859.259520 19.0475 0.1285 -1264.585 478.951 6.820 988.0
10859.313871 19.1161 0.1814 -1031.352 650.446 6.410 946.0
10859.337030 18.9029 0.1352 -1807.554 577.217 5.937 983.0
10859.370027 19.2541 0.0932 -604.181 282.477 4.480 738.0
10859.393800 19.1876 0.0820 -803.295 262.675 3.796 666.0
10859.421311 18.9929 0.0790 -1461.057 302.245 5.480 706.0
10859.469921 19.2200 0.0749 -704.767 232.255 4.271 650.0
10859.493740 19.1739 0.0736 -845.869 237.815 4.309 672.0
10859.524816 19.2143 0.1069 -722.052 338.055 4.795 764.0
10859.548322 19.1162 0.1394 -1030.882 489.916 5.219 785.0
10859.571701 19.0468 0.1229 -1266.931 456.829 4.964 1054.0
10864.262646 19.4085 0.2529 -186.714 716.847 6.703 2663.0
10864.286338 20.2056 0.4638 1234.630 698.940 7.944 2476.0
10864.319554 19.6288 0.2522 315.174 583.314 6.394 2282.0
10864.343107 19.3620 0.1861 -306.233 533.309 6.170 2219.0
10864.421126 19.2439 0.1504 -633.964 472.333 4.926 3260.0
10864.534502 19.3022 0.2127 -467.892 652.236 5.698 4235.0
10864.565913 19.2865 0.2035 -511.629 630.383 6.386 3495.0
10864.588389 19.2625 0.2256 -580.148 721.892 6.827 3970.0
10867.409711 19.4909 0.2088 13.025 537.067 4.912 3725.0
10867.437407 19.6874 0.2481 432.354 542.550 4.951 3747.0
10867.461052 20.3007 0.4362 1344.594 594.124 5.353 3760.0
10867.492127 20.1911 0.4543 1217.011 690.555 5.483 4809.0
10867.544984 19.7338 0.3024 520.872 650.551 5.523 4415.0
10869.228281 19.4980 0.1851 29.629 467.772 5.813 1297.0
10869.259842 19.3444 0.1904 -352.831 555.798 5.246 2259.0
10869.283603 19.7753 0.2129 596.833 422.169 4.880 1676.0
10869.314482 19.4191 0.1174 -160.244 308.937 4.144 1594.0
10869.340036 19.6308 0.1632 319.199 361.207 4.997 1550.0
10869.364642 19.5621 0.1476 173.748 345.369 4.673 1453.0
10869.396955 19.5980 0.2399 251.053 567.569 4.645 2564.0
10869.421005 19.8241 0.3342 682.418 671.626 4.778 3240.0
10869.452034 19.4164 0.1468 -166.803 392.728 4.343 1998.0
10869.476154 19.6513 0.1662 360.894 361.518 4.571 1698.0
10869.504000 19.8581 0.3513 739.892 690.003 5.866 2685.0
10869.534983 19.4163 0.1931 -167.018 528.101 6.908 1526.0
10869.540110 19.3836 0.2055 -250.055 582.533 6.816 1945.0
10869.557100 19.5189 0.2178 77.449 548.346 7.106 1686.0
10870.342348 19.5693 0.1924 189.437 456.776 7.115 1003.0
10871.247798 19.3678 0.1645 -291.057 464.250 6.944 834.0
10871.275309 19.2928 0.1071 -494.000 315.159 5.377 772.0
10879.260915 19.4516 0.2154 -80.224 576.330 8.042 874.0
10879.513101 19.3407 0.1457 -362.680 417.829 5.858 688.0
10879.528124 19.5766 0.1774 205.242 415.515 6.293 785.0
10880.246998 19.4644 0.1110 -49.662 279.332 4.226 810.0
10880.272379 19.2977 0.1036 -480.413 303.147 4.742 795.0
10880.303824 19.5242 0.1308 89.631 314.582 4.211 724.0
10880.327827 19.3631 0.0720 -303.349 195.472 3.752 669.0
10880.492992 19.1997 0.1156 -766.090 372.275 6.269 637.0
10880.512378 19.6767 0.1650 411.491 350.382 5.748 647.0
10880.527168 19.3091 0.1309 -448.596 383.717 6.042 691.0
10881.244271 19.8141 0.2177 665.145 417.629 7.233 819.0
10882.230108 19.4993 0.1726 32.563 433.146 7.119 938.0
10882.261148 19.7538 0.2024 557.739 407.535 6.903 811.0
10882.287489 19.3792 0.1386 -261.317 382.212 6.572 766.0
10882.311330 20.1343 0.2463 1145.518 356.700 6.747 732.0
10882.342972 19.5331 0.1315 109.641 313.602 6.571 656.0
10882.368098 19.5413 0.1153 127.939 270.918 5.375 602.0
10882.398918 19.6601 0.1376 378.648 292.891 5.840 654.0
10882.423396 19.4651 0.0954 -47.905 238.319 5.035 651.0
10882.446612 19.4798 0.1045 -13.087 258.524 5.028 660.0
10882.477768 19.4282 0.1058 -137.543 274.561 4.935 725.0
10882.501424 19.2933 0.1009 -492.671 295.984 5.165 833.0
10882.528784 19.5083 0.1295 53.211 315.746 5.403 939.0
10882.534374 19.5217 0.1252 83.889 300.948 5.463 912.0
10883.280431 19.6910 0.1811 439.369 382.444 7.242 758.0
10883.311112 19.9442 0.1875 877.607 314.515 6.331 726.0
10883.356584 19.6089 0.1297 273.967 288.403 5.503 691.0
10883.384152 19.4870 0.1345 4.038 335.288 5.547 697.0
10883.411546 19.5222 0.1392 84.988 336.586 6.109 707.0
10883.435445 19.6701 0.1382 398.503 291.548 5.210 687.0
10883.466693 19.5979 0.1698 250.848 388.553 6.478 752.0
10883.490512 19.2681 0.1171 -563.897 354.266 5.913 856.0
10883.514029 19.4301 0.1562 -132.810 414.625 5.758 901.0
10884.264749 19.8896 0.2043 791.560 363.212 7.135 775.0
10884.295523 19.7121 0.1500 479.889 306.216 6.250 728.0
10884.319295 19.3320 0.1165 -386.072 332.080 5.996 731.0
10884.342870 19.6338 0.1232 325.504 266.867 4.780 688.0
10884.373481 19.4297 0.0933 -133.815 240.526 4.387 712.0
10884.396883 19.3587 0.0820 -315.036 224.332 4.351 705.0
10884.423976 19.5029 0.1094 40.842 265.604 4.446 724.0
10884.452921 19.4503 0.1063 -83.548 270.568 4.504 753.0
10884.476415 19.4761 0.0921 -21.833 227.438 4.505 700.0
10884.507582 19.6187 0.1164 294.213 254.885 4.660 781.0
10884.528322 19.3216 0.1187 -414.350 342.156 5.985 832.0
10885.230132 19.6455 0.1292 349.136 277.603 4.668 876.0
10885.257260 19.3921 0.1098 -228.377 295.307 4.800 802.0
10885.283740 19.3595 0.0923 -312.757 253.538 4.091 757.0
10885.307280 19.4043 0.0900 -197.309 237.032 4.188 822.0
10885.337406 19.4553 0.0856 -71.497 214.710 3.705 665.0
10885.361293 19.4551 0.0826 -71.987 207.066 3.805 666.0
10885.384162 19.4987 0.1023 31.084 248.556 4.855 689.0
10885.414646 19.4417 0.0932 -104.297 237.587 4.461 671.0
10885.438140 19.2696 0.0886 -559.523 263.984 4.875 733.0
10885.469284 19.3678 0.1043 -291.029 285.933 4.741 829.0
10885.493102 19.6449 0.1710 348.005 375.004 5.430 933.0
10885.514617 19.3735 0.1932 -276.184 549.754 5.875 1064.0
10885.529524 19.9277 0.2729 852.102 483.977 6.491 1215.0
10886.243682 19.7594 0.2831 567.994 589.183 8.000 959.0
10886.274768 19.3885 0.1900 -237.387 532.330 6.961 923.0
10887.316266 19.5308 0.2367 104.457 594.764 7.920 864.0
10888.231163 19.4293 0.1821 -134.836 489.438 7.778 992.0
10888.262492 19.6580 0.1997 374.339 438.655 8.321 910.0
10888.481980 19.8592 0.2036 741.662 372.237 6.349 939.0
10888.509710 19.9082 0.2212 821.366 389.666 8.495 1059.0
10889.278017 19.7222 0.1844 499.137 378.895 7.164 795.0
10889.301985 19.5402 0.1521 125.405 363.952 6.557 765.0
10889.329252 19.4147 0.0942 -171.170 246.228 3.811 740.0
10889.358139 19.5238 0.0989 88.600 234.296 4.193 777.0
10889.381980 19.5189 0.1005 77.417 239.405 3.797 783.0
10889.415184 19.4742 0.1073 -26.238 267.266 4.775 714.0
10889.438898 19.8247 0.2741 683.470 534.848 5.074 362.0
10889.485932 19.5460 0.1324 138.482 312.232 5.623 718.0
10889.500769 19.2754 0.1102 -543.210 329.969 5.635 729.0
10890.217400 19.1811 0.3245 -823.501 1173.957 5.367 2867.0
10890.241669 19.5675 0.1961 185.666 467.168 5.030 1531.0
10890.273206 19.6564 0.2641 371.130 598.940 4.439 2039.0
10890.296909 19.8175 0.2352 671.113 453.582 4.217 1825.0
10890.320541 19.6304 0.2272 318.398 518.567 4.250 1864.0
10890.352518 19.1999 0.1127 -765.498 362.100 4.418 1529.0
10890.376440 19.5523 0.1724 152.322 412.019 4.396 1706.0
10890.403487 20.0493 0.4331 1031.576 742.323 4.758 2169.0
10890.430765 19.3187 0.2742 -422.267 852.882 6.119 2053.0
10890.454780 19.6193 0.2062 295.639 470.558 6.439 1203.0
10890.481908 20.7288 0.8908 1736.055 1030.036 6.717 1885.0
10890.496618 21.3529 1.5294 2090.197 1408.710 7.420 1753.0
10891.225087 19.7335 0.1602 520.222 322.179 3.833 1972.0
10891.248489 19.3089 0.2327 -449.158 716.086 4.086 3630.0
10891.277711 19.3533 0.1056 -329.245 293.662 4.248 1322.0
10891.328090 19.5167 0.1915 72.535 477.040 5.215 1952.0
10891.360067 19.0891 0.1448 -1121.251 523.019 4.913 2514.0
10891.384024 19.4316 0.1533 -129.238 405.572 4.645 1922.0
10891.407656 19.2382 0.1878 -650.715 603.652 5.150 3148.0
10891.441473 19.2571 0.2345 -595.655 757.438 5.637 2982.0
10894.341481 19.2632 0.2342 -578.078 751.977 6.596 4399.0
10894.368898 20.0037 0.5058 966.549 937.275 8.118 4950.0
10894.398329 19.8237 0.3650 681.696 745.098 6.431 4909.0
10894.486529 19.2950 0.2324 -487.939 724.057 6.235 4917.0
10898.221904 19.6191 0.1726 295.070 387.741 6.047 1051.0
10898.254818 19.5366 0.1747 117.336 423.887 5.963 1084.0
10898.278463 19.4175 0.1453 -164.251 388.220 5.676 1105.0
10898.302766 19.5445 0.1311 135.019 309.556 4.942 1038.0
10898.333424 19.5420 0.1179 129.542 277.203 4.340 990.0
10898.356825 19.4162 0.1128 -167.400 297.142 3.763 1006.0
10898.384577 19.5479 0.1486 142.518 352.464 5.521 1073.0
10898.412260 19.6524 0.1577 363.140 341.318 5.388 1123.0
10898.435823 19.3426 0.1546 -357.789 444.295 5.684 1221.0
10898.467002 19.2515 0.1361 -611.892 421.780 5.769 1342.0
10898.481723 19.3582 0.1332 -316.239 373.691 5.198 1462.0
10899.235890 19.4606 0.1099 -58.590 277.420 4.401 839.0
10899.260148 19.5066 0.1119 49.470 270.929 4.172 787.0
10899.287379 19.4192 0.1138 -159.904 299.004 4.596 852.0
10899.314542 19.2197 0.0931 -705.834 291.113 4.421 858.0
10899.344759 19.4327 0.0968 -126.382 249.212 4.147 836.0
10899.375636 19.4650 0.1141 -48.077 287.395 4.209 872.0
10899.426223 19.5032 0.1114 41.626 270.559 3.968 999.0
10899.457100 19.5847 0.1239 222.613 280.750 4.576 1011.0
10899.471231 19.8494 0.2012 725.362 370.613 5.353 1062.0
10899.485501 19.5736 0.1727 198.868 404.603 5.763 1135.0
10900.241322 19.4929 0.1011 17.765 246.734 4.064 910.0
10900.264885 19.6489 0.1249 356.075 267.070 4.680 886.0
10900.295901 19.3598 0.1022 -312.079 281.982 4.707 832.0
10900.321004 19.5059 0.1308 47.900 319.897 5.180 802.0
10900.343976 19.7741 0.2031 594.529 401.382 6.659 883.0
10900.374692 19.4641 0.1221 -50.272 308.918 4.939 866.0
10900.397445 19.4464 0.0992 -92.819 252.518 4.212 858.0
10900.424699 19.5342 0.1219 112.072 289.112 3.897 930.0
10900.451966 19.8626 0.1690 747.395 302.841 4.448 1050.0
10900.464094 19.5901 0.1189 234.193 267.568 4.158 1080.0
10900.478978 19.3156 0.0966 -430.678 276.912 4.220 1180.0
10901.255445 19.5027 0.1720 40.437 430.179 6.687 916.0
10901.287167 19.5758 0.1864 203.569 438.863 7.259 865.0
10901.310788 19.6571 0.1660 372.577 359.157 5.474 862.0
10901.365552 19.3865 0.1129 -242.587 305.501 3.741 812.0
10901.394045 19.6199 0.1882 296.823 425.716 3.549 1108.0
10901.425547 19.5927 0.1547 239.835 353.098 3.735 1057.0
10902.255482 20.9032 0.8438 1856.271 810.676 6.544 868.0
10902.281035 19.7916 0.4065 625.887 871.868 5.688 856.0
10902.312387 19.5076 0.1593 51.744 394.079 4.924 831.0
10903.244211 19.8369 0.2777 704.293 536.726 7.502 969.0
10904.245218 20.1818 0.4467 1205.540 682.238 6.954 1024.0
10904.269001 19.5940 0.1779 242.507 410.061 6.617 975.0
10904.299925 19.3543 0.1202 -326.686 336.207 5.312 929.0
10904.323545 19.6197 0.1549 296.460 344.856 5.330 977.0
10904.417241 19.7715 0.1356 589.925 260.233 3.837 1060.0
10904.448061 19.5179 0.1235 75.303 297.563 4.802 1099.0
10904.460351 19.5644 0.1731 178.859 409.033 5.900 1120.0
10904.474968 19.2322 0.1334 -668.363 420.126 6.470 1172.0
10905.256143 19.5710 0.1933 193.123 458.573 6.940 1011.0
10905.283884 19.7898 0.1803 622.671 347.359 6.315 968.0
10905.310918 19.3880 0.1475 -238.771 405.285 6.157 1029.0
10905.334736 19.5575 0.1503 163.671 353.728 5.501 1056.0
10905.383135 19.4423 0.1050 -102.945 269.101 4.345 900.0
10905.410019 19.2379 0.1108 -651.561 343.456 5.231 904.0
10905.437042 19.5143 0.1474 67.113 360.560 5.409 879.0
10905.447192 19.5097 0.1272 56.607 309.502 4.847 894.0
10905.462063 19.2805 0.1186 -528.583 354.966 5.141 875.0
10906.294518 19.2568 0.1297 -596.357 398.619 7.074 880.0
10906.325406 19.3053 0.1111 -459.281 323.765 5.233 843.0
10906.349166 19.3057 0.1132 -458.029 330.183 5.917 798.0
10906.372914 19.4612 0.1012 -57.148 254.378 4.574 772.0
10906.403467 19.3572 0.0989 -318.856 273.315 4.529 808.0
10906.426521 19.7284 0.1793 510.755 365.502 5.551 857.0
10906.450130 19.5620 0.1471 173.572 344.218 5.178 967.0
10906.464457 19.3648 0.1230 -298.888 341.384 4.976 998.0
10907.246464 19.5185 0.1564 76.616 382.672 5.750 994.0
10907.269911 19.6480 0.1872 354.219 412.488 6.342 929.0
10907.294180 19.3518 0.1304 -333.244 367.391 5.151 875.0
10907.332614 19.2912 0.0909 -498.349 265.937 4.957 766.0
10907.356316 19.3472 0.0841 -345.420 232.923 4.030 777.0
10907.383744 19.6326 0.0893 323.028 190.536 3.526 739.0
10907.411693 19.4932 0.1038 18.283 253.530 4.640 786.0
10907.435198 19.5226 0.1554 85.870 378.585 4.692 847.0
10907.450208 19.3173 0.1187 -426.132 343.309 4.500 755.0
10908.236126 19.4527 0.1405 -77.682 362.445 6.747 855.0
10908.267234 19.8646 0.2064 750.716 375.837 6.392 785.0
10908.389886 19.6791 0.2030 416.080 437.944 7.047 836.0
10908.416851 19.7039 0.1738 464.297 361.315 6.133 820.0
10908.429709 19.5972 0.1762 249.244 404.632 6.473 834.0
10908.444523 19.6743 0.2270 406.734 497.420 6.865 712.0
10909.250044 19.3070 0.1127 -454.533 328.285 4.930 889.0
10909.274417 19.4933 0.1124 18.598 275.665 4.685 843.0
10909.306995 19.4666 0.1143 -44.262 287.692 4.480 841.0
10910.232205 19.6641 0.1666 386.448 358.241 6.341 905.0
10910.257689 19.3255 0.1237 -403.866 356.042 5.790 797.0
10910.281553 19.3572 0.1888 -318.897 544.208 6.962 798.0
10910.312314 19.4570 0.1579 -67.397 409.168 6.714 788.0
10912.239646 19.9782 0.3372 928.977 588.979 6.521 944.0
10912.270558 19.9026 0.2475 812.396 443.888 4.615 821.0
10912.294086 19.5164 0.1731 71.938 427.628 4.254 770.0
10912.317325 19.3696 0.1882 -286.475 536.063 4.398 764.0
10912.347935 19.0899 0.1551 -1118.618 562.669 5.458 778.0
10912.371741 19.6135 0.2336 283.486 543.255 4.648 764.0
10912.411147 19.1393 0.1539 -955.719 533.188 4.742 732.0
10913.262380 19.5686 0.1455 187.945 338.272 5.288 796.0
10913.286429 19.1949 0.1500 -780.708 492.965 7.819 833.0
10913.339920 19.8207 0.2302 676.668 441.500 7.287 819.0
10913.367001 19.5026 0.1836 40.252 461.784 7.278 789.0
10913.394325 19.8949 0.2263 800.085 404.524 6.671 798.0
10913.418524 19.3154 0.1885 -431.351 564.640 8.029 803.0
10914.234643 19.5805 0.1150 213.750 260.620 3.568 827.0
10914.265543 19.2274 0.1052 -682.707 328.615 3.460 758.0
10914.288701 19.3229 0.0856 -410.933 242.598 3.138 772.0
10914.312090 19.6066 0.1103 269.090 243.487 3.288 722.0
10914.342539 19.4767 0.0849 -20.331 208.714 3.320 691.0
10914.366206 19.4766 0.1178 -20.653 294.252 4.489 685.0
10914.397129 19.2084 0.1104 -739.803 351.719 4.734 648.0
10914.415183 19.5507 0.1411 148.758 332.642 4.977 642.0
10914.430112 20.0871 0.5893 1083.316 1054.353 4.798 507.0
10915.250444 19.4791 0.1925 -14.734 496.715 7.545 775.0
10915.274319 19.4928 0.1368 17.447 339.469 5.286 754.0
10915.304825 19.4629 0.1334 -53.049 339.808 4.990 735.0
10915.328481 19.3317 0.1418 -387.072 409.237 5.833 784.0
10915.361684 19.2894 0.1378 -503.574 412.810 6.209 781.0
10915.384968 19.6085 0.2103 272.984 485.713 6.632 804.0
10915.408323 19.4999 0.1686 34.032 422.079 6.000 879.0
10915.411610 19.4528 0.1537 -77.521 398.844 5.712 871.0
10917.237706 19.4480 0.1224 -89.054 314.423 4.053 858.0
10917.268444 19.4676 0.1133 -41.898 284.660 4.161 1061.0
10917.292087 19.4061 0.1099 -192.656 291.684 4.004 1094.0
10917.319319 19.4114 0.1015 -179.461 267.182 3.684 998.0
10917.346862 19.5062 0.1190 48.368 289.415 4.235 956.0
10917.370564 19.4190 0.1128 -160.383 296.334 4.177 937.0
10917.401649 19.4989 0.1148 31.591 280.459 4.418 957.0
10917.406336 19.3276 0.1174 -397.969 336.040 4.571 947.0
10917.420756 19.3897 0.1248 -234.314 338.725 5.160 904.0
10918.215949 19.4315 0.1652 -129.432 439.703 3.709 4142.0
10918.239686 19.3081 0.0927 -451.417 267.108 3.949 971.0
10918.267010 19.6369 0.1017 331.730 217.423 3.611 990.0
10918.294704 19.4482 0.0816 -88.658 205.678 3.344 1042.0
10918.318591 19.4355 0.0729 -119.486 185.222 3.017 1088.0
10918.350220 19.5119 0.0994 61.669 238.191 3.505 1085.0
10918.372822 19.4854 0.1063 0.243 261.798 3.439 1072.0
10918.396465 19.3251 0.1034 -404.839 294.828 3.936 1077.0
10918.403166 19.5156 0.1089 69.933 261.165 3.963 1080.0
10918.417841 19.3919 0.0982 -228.774 262.709 4.058 1126.0
10919.238101 19.5161 0.1614 71.123 396.620 4.736 1716.0
10919.269521 19.3400 0.1491 -364.671 428.562 5.086 2328.0
10919.293339 19.6329 0.1643 323.493 363.016 4.211 2246.0
10919.345753 19.1910 0.1368 -792.733 448.223 5.108 2331.0
10919.369408 19.4392 0.1777 -110.477 472.276 4.592 2300.0
10919.393214 19.7765 0.3100 598.856 643.580 7.248 2367.0
10919.401454 19.8857 0.3700 785.270 714.992 7.898 2514.0
10922.286034 19.8481 0.4405 723.259 912.143 6.245 4157.0
10922.325602 19.3586 0.2792 -315.180 839.020 6.318 4330.0
10922.349072 19.6732 0.3383 404.475 783.039 5.631 4174.0
10922.382900 19.6350 0.3651 327.802 886.769 5.763 4768.0
10924.348640 19.3397 0.2003 -365.356 589.947 6.887 1564.0
10924.380778 19.2090 0.2100 -737.916 700.595 7.704 1636.0
10924.404376 20.3111 0.4755 1356.027 654.002 7.333 1664.0
10924.410035 19.8971 0.3659 803.593 698.394 7.871 1675.0
10925.312507 19.9411 0.3618 872.748 661.656 4.538 3180.0
10925.391597 19.4126 0.1995 -176.388 549.008 4.119 3141.0
10925.409592 19.4863 0.1890 2.391 483.541 5.609 1792.0
10926.236493 19.4094 0.0976 -184.454 256.849 4.196 813.0
10926.267647 19.5136 0.1432 65.388 349.676 5.941 809.0
10926.291534 19.4812 0.1034 -9.759 255.396 4.370 795.0
10926.318823 19.5174 0.1129 74.111 270.963 4.214 993.0
10926.346285 19.3140 0.1320 -435.327 385.476 4.458 1508.0
10926.369686 19.6896 0.2132 436.704 457.559 5.339 1723.0
10926.400053 19.3676 0.1829 -291.624 520.589 5.795 1957.0
10926.406534 20.1024 0.3524 1103.802 553.091 6.490 2072.0
10927.246153 19.9708 0.3151 917.908 548.217 6.685 1400.0
10927.269924 19.3501 0.1873 -337.751 543.054 6.563 1434.0
10927.324490 19.4212 0.2902 -155.009 827.478 6.753 1966.0
10927.347891 19.4762 0.2281 -21.510 600.264 7.413 1709.0
10928.242932 19.3498 0.1075 -338.440 300.307 4.113 704.0
10928.266564 19.4017 0.0935 -203.791 247.321 3.868 732.0
10928.291434 19.5876 0.1161 228.905 261.509 3.691 770.0
10928.322322 19.3281 0.0965 -396.673 273.600 3.905 1040.0
10928.346232 19.6439 0.1611 346.022 351.850 4.285 1145.0
10928.373706 19.2559 0.1366 -599.097 421.642 4.804 1227.0
10928.400208 20.0123 0.2934 979.021 486.272 5.254 1429.0
10929.268053 19.5261 0.0926 93.813 218.369 3.636 806.0
10929.291870 19.3875 0.0961 -240.128 257.956 4.011 822.0
10929.322434 19.3892 0.1190 -235.814 322.365 4.644 921.0
10929.345788 19.4919 0.1285 15.345 317.844 4.769 1121.0
10929.372614 19.5178 0.1601 75.104 392.541 4.864 1214.0
10929.398665 19.3165 0.1720 -428.402 510.527 5.737 1342.0
10931.256818 20.1936 0.4958 1219.989 767.483 6.128 912.0
10931.287915 19.5295 0.1719 101.419 419.384 5.667 867.0
10932.292284 19.5281 0.2015 98.329 499.165 7.270 868.0
10932.319805 19.5408 0.1349 126.893 320.078 4.962 859.0
10932.343587 19.4271 0.1323 -140.372 347.994 6.035 859.0
10932.374730 19.2584 0.1211 -591.807 370.279 5.406 837.0
10932.387113 19.4386 0.1435 -112.058 375.564 5.866 818.0
10933.245293 19.5802 0.3542 213.020 899.832 4.350 3097.0
10933.272710 19.3162 0.0914 -429.084 261.385 3.769 791.0
10933.300357 19.5308 0.1126 104.534 266.771 4.001 791.0
10933.324626 19.3309 0.0910 -389.144 256.671 3.260 803.0
10933.355491 19.4592 0.0825 -61.905 205.775 3.385 782.0
10933.379239 19.4965 0.0927 26.135 224.649 3.745 849.0
10933.384400 19.4389 0.0834 -111.314 212.097 3.830 823.0
